1
 19 0 0 0 0 0 0
 0 0.02 5.07683 0 41.2339 7.39503 7.39503 3.14289e-05 3.14289e-05 5.51251 -2 -9.34231 19.0923 0 0 0
1
 19 0 0 0 0 0 0
 0 0.02 5.07683 0 41.2339 7.39503 7.39503 3.14289e-05 3.14289e-05 5.51251 -2 -9.34231 19.0923 0 0 0
1
 8 0 0 0 0 0 0
 0 0.02 7.53059 7.59399 25.0335 15.6353 9.63356 1857.06 1857.06 3.51023 5.53386 -2.6438 -6.44085 0 0 0
1
 19 0 0 0 0 0 0
 0 0.02 7.53059 0 25.0335 8.26484 8.26484 3.51256e-05 3.51256e-05 5.48836 -2 -9.19139 18.9414 0 0 0
1
 19 0 0 0 0 0 0
 0 0.02 7.53059 0 25.0335 8.26484 8.26484 3.51256e-05 3.51256e-05 5.48836 -2 -9.19139 18.9414 0 0 0
1
 8 0 0 0 0 0 0
 0 0.02 7.54449 7.6079 24.9864 15.6346 9.60993 1852.45 1852.45 3.51034 5.53214 -2.64153 -6.43882 0 0 0
1
 19 0 0 0 0 0 0
 0 0.02 7.54449 0 24.9864 8.23944 8.23944 3.50176e-05 3.50176e-05 5.48903 -2 -9.19557 18.9456 0 0 0
1
 19 0 0 0 0 0 0
 0 0.02 7.54449 0 24.9864 8.23944 8.23944 3.50176e-05 3.50176e-05 5.48903 -2 -9.19557 18.9456 0 0 0
1
 8 0 0 0 0 0 0
 0 0.02 9.62215 9.67495 19.9594 14.7996 7.16961 1367.94 1367.94 3.52283 5.31876 -2.3765 -6.17039 0 0 0
1
 19 0 0 0 0 0 0
 0 0.02 9.62215 0 19.9594 4.79178 4.79178 2.03651e-05 2.03651e-05 5.60673 -2 -9.93117 19.6812 0 0 0
1
 19 0 0 0 0 0 0
 0 0.02 9.62215 0 19.9594 4.79178 4.79178 2.03651e-05 2.03651e-05 5.60673 -2 -9.93117 19.6812 0 0 0
1
 8 0 0 0 0 0 0
 0 0.02 13.623 13.6739 15.2958 12.7552 5.06732 1314.18 1314.18 3.51286 5.24405 -2.58898 -5.77114 0 0 0
1
 18 0 0 0 0 0 0
 0 0.02 13.623 0 15.2958 1.65747 1.65747 1.83567e-05 1.83567e-05 6.91173 3.1298 -18.0874 15.0129 0 12 0.1
1
 18 0 0 0 0 0 0
 0 0.02 13.623 0 15.2958 1.65747 1.65747 1.83567e-05 1.83567e-05 6.91173 3.1298 -18.0874 15.0129 0 12 0.1
1
 8 0 0 0 0 0 0
 0 0.02 19.5845 19.6791 12.0613 11.3828 3.71747 1056.2 1056.2 3.51801 5.07483 -2.48009 -5.45698 0 0 0
1
 18 0 0 0 0 0 0
 0 0.02 19.5845 0 12.0613 1.35311 1.35311 1.9641e-05 1.9641e-05 6.91418 3.19833 -18.1027 14.8568 0 12 0.1
1
 18 0 0 0 0 0 0
 0 0.02 19.5845 0 12.0613 1.35311 1.35311 1.9641e-05 1.9641e-05 6.91418 3.19833 -18.1027 14.8568 0 12 0.1
1
 8 0 0 0 0 0 0
 0 0.02 20.5279 20.6267 11.7238 11.0965 3.58245 1015.4 1015.4 3.51882 5.04386 -2.46273 -5.39692 0 0 0
1
 18 0 0 0 0 0 0
 0 0.02 20.5279 0 11.7238 1.33298 1.33298 1.97394e-05 1.97394e-05 6.91436 3.2034 -18.1038 14.8453 0 12 0.1
1
 18 0 0 0 0 0 0
 0 0.02 20.5279 0 11.7238 1.33298 1.33298 1.97394e-05 1.97394e-05 6.91436 3.2034 -18.1038 14.8453 0 12 0.1
1
 8 0 0 0 0 0 0
 0 0.02 34.858 35.0215 8.74899 8.52196 2.44667 558.227 558.227 3.53785 4.60033 -2.04703 -4.7038 0 0 0
1
 18 0 0 0 0 0 0
 0 0.02 34.858 0 8.74899 1.21189 1.21189 2.03761e-05 2.03761e-05 6.91551 3.23557 -18.111 14.7721 0 12 0.1
1
 18 0 0 0 0 0 0
 0 0.02 34.858 0 8.74899 1.21189 1.21189 2.03761e-05 2.03761e-05 6.91551 3.23557 -18.111 14.7721 0 12 0.1
1
 14 0 0 0 0 0 0
 0 0.02 52.7908 0 7.1872 1.31194 1.31194 0.0029216 0.0029216 5.42888 1.60206 -8.81964 9.56449 0 0 0
1
 14 0 0 0 0 0 0
 0 0.02 57.5517 0 6.90567 1.26799 1.26799 0.00378056 0.00378056 5.37291 1.60206 -8.46988 9.21473 0 0 0
1
 14 0 0 0 0 0 0
 0 0.02 61.086 0 6.71897 1.23947 1.23947 0.00425904 0.00425904 5.34704 1.60206 -8.30817 9.05302 0 0 0
1
 14 0 0 0 0 0 0
 0 0.02 66.5905 0 6.4613 1.20063 1.20063 0.00485074 0.00485074 5.31879 1.60206 -8.13164 8.87649 0 0 0
1
 14 0 0 0 0 0 0
 0 0.02 70.2878 0 6.30691 1.1777 1.1777 0.00517688 0.00517688 5.30466 1.60206 -8.04335 8.7882 0 0 0
1
 12 0 0 0 0 0 0
 0 0.02 82.098 0 5.89115 1.11624 1.11624 0.0059929 0.0059929 5.27287 1.60206 -7.84475 8.5896 0 0 0
1
 12 0 0 0 0 0 0
 0 0.02 93.3325 0 5.57654 1.07122 1.07122 0.00655326 0.00655326 5.25346 1.60206 -7.72347 8.46832 0 0 0
