1
 8 0 0 0 0 0 0
 0 0.02 7.08555 7.15222 26.6735 15.5359 10.4647 2017.43 2017.43 3.50658 5.59122 -2.71874 -6.50931 0 0 0
1
 19 0 0 0 0 0 0
 0 0.02 7.08555 0 26.6735 9.10506 9.10506 3.86965e-05 3.86965e-05 5.46734 -2 -9.06 18.81 0 0 0
1
 19 0 0 0 0 0 0
 0 0.02 7.08555 0 26.6735 9.10506 9.10506 3.86965e-05 3.86965e-05 5.46734 -2 -9.06 18.81 0 0 0
1
 8 0 0 0 0 0 0
 0 0.02 13.2415 13.2901 15.6071 12.931 5.20224 1318.64 1318.64 3.51376 5.25058 -2.57015 -5.80631 0 0 0
1
 18 0 0 0 0 0 0
 0 0.02 13.2415 0 15.6071 1.70115 1.70115 1.81982e-05 1.81982e-05 6.91142 3.12102 -18.0854 15.0329 0 12 0.1
1
 18 0 0 0 0 0 0
 0 0.02 13.2415 0 15.6071 1.70115 1.70115 1.81982e-05 1.81982e-05 6.91142 3.12102 -18.0854 15.0329 0 12 0.1
1
 8 0 0 0 0 0 0
 0 0.02 17.9974 18.0842 12.7076 11.8798 3.97928 1126.13 1126.13 3.51688 5.126 -2.50413 -5.56086 0 0 0
1
 18 0 0 0 0 0 0
 0 0.02 17.9974 0 12.7076 1.39659 1.39659 1.94351e-05 1.94351e-05 6.9138 3.18765 -18.1003 14.8812 0 12 0.1
1
 18 0 0 0 0 0 0
 0 0.02 17.9974 0 12.7076 1.39659 1.39659 1.94351e-05 1.94351e-05 6.9138 3.18765 -18.1003 14.8812 0 12 0.1
1
 8 0 0 0 0 0 0
 0 0.02 20.9118 21.0141 11.5943 10.9871 3.53096 999.017 999.017 3.51917 5.03114 -2.4552 -5.37266 0 0 0
1
 18 0 0 0 0 0 0
 0 0.02 20.9118 0 11.5943 1.32569 1.32569 1.97756e-05 1.97756e-05 6.91442 3.20525 -18.1042 14.8411 0 12 0.1
1
 18 0 0 0 0 0 0
 0 0.02 20.9118 0 11.5943 1.32569 1.32569 1.97756e-05 1.97756e-05 6.91442 3.20525 -18.1042 14.8411 0 12 0.1
1
 8 0 0 0 0 0 0
 0 0.02 21.6372 21.7414 11.3633 10.7879 3.43954 968.647 968.647 3.51991 5.00725 -2.43953 -5.3286 0 0 0
1
 18 0 0 0 0 0 0
 0 0.02 21.6372 0 11.3633 1.31323 1.31323 1.98379e-05 1.98379e-05 6.91454 3.20844 -18.1049 14.8338 0 12 0.1
1
 18 0 0 0 0 0 0
 0 0.02 21.6372 0 11.3633 1.31323 1.31323 1.98379e-05 1.98379e-05 6.91454 3.20844 -18.1049 14.8338 0 12 0.1
1
 8 0 0 0 0 0 0
 0 0.02 21.6744 21.7797 11.3515 10.7783 3.43489 966.951 966.951 3.51997 5.00599 -2.43812 -5.32686 0 0 0
1
 18 0 0 0 0 0 0
 0 0.02 21.6744 0 11.3515 1.31261 1.31261 1.9841e-05 1.9841e-05 6.91454 3.2086 -18.105 14.8335 0 12 0.1
1
 18 0 0 0 0 0 0
 0 0.02 21.6744 0 11.3515 1.31261 1.31261 1.9841e-05 1.9841e-05 6.91454 3.2086 -18.105 14.8335 0 12 0.1
1
 8 0 0 0 0 0 0
 0 0.02 24.7211 24.8409 10.5238 10.0572 3.11212 846.928 846.928 3.52381 4.90623 -2.3553 -5.16029 0 0 0
1
 18 0 0 0 0 0 0
 0 0.02 24.7211 0 10.5238 1.27341 1.27341 2.00425e-05 2.00425e-05 6.91491 3.21884 -18.1073 14.8102 0 12 0.1
1
 18 0 0 0 0 0 0
 0 0.02 24.7211 0 10.5238 1.27341 1.27341 2.00425e-05 2.00425e-05 6.91491 3.21884 -18.1073 14.8102 0 12 0.1
1
 8 0 0 0 0 0 0
 0 0.02 28.5929 28.7319 9.71109 9.36504 2.80271 715.7 715.7 3.52979 4.78392 -2.22479 -4.98502 0 0 0
1
 18 0 0 0 0 0 0
 0 0.02 28.5929 0 9.71109 1.24192 1.24192 2.02106e-05 2.02106e-05 6.91521 3.2273 -18.1092 14.7909 0 12 0.1
1
 18 0 0 0 0 0 0
 0 0.02 28.5929 0 9.71109 1.24192 1.24192 2.02106e-05 2.02106e-05 6.91521 3.2273 -18.1092 14.7909 0 12 0.1
1
 8 0 0 0 0 0 0
 0 0.02 31.9733 32.1269 9.14995 8.87986 2.59365 621.133 621.133 3.53523 4.68261 -2.10491 -4.8516 0 0 0
1
 18 0 0 0 0 0 0
 0 0.02 31.9733 0 9.14995 1.22355 1.22355 2.03112e-05 2.03112e-05 6.91539 3.23233 -18.1103 14.7794 0 12 0.1
1
 18 0 0 0 0 0 0
 0 0.02 31.9733 0 9.14995 1.22355 1.22355 2.03112e-05 2.03112e-05 6.91539 3.23233 -18.1103 14.7794 0 12 0.1
1
 8 0 0 0 0 0 0
 0 0.02 33.8059 33.9662 8.88816 8.64708 2.49745 580.128 580.128 3.53689 4.62989 -2.0684 -4.75633 0 0 0
1
 18 0 0 0 0 0 0
 0 0.02 33.8059 0 8.88816 1.21581 1.21581 2.03542e-05 2.03542e-05 6.91547 3.23448 -18.1108 14.7746 0 12 0.1
1
 18 0 0 0 0 0 0
 0 0.02 33.8059 0 8.88816 1.21581 1.21581 2.03542e-05 2.03542e-05 6.91547 3.23448 -18.1108 14.7746 0 12 0.1
1
 14 0 0 0 0 0 0
 0 0.02 59.1247 0 6.82017 1.25473 1.25473 0.00400863 0.00400863 5.36019 1.60206 -8.39039 9.13524 0 0 0
1
 14 0 0 0 0 0 0
 0 0.02 64.1771 0 6.5697 1.21676 1.21676 0.0046118 0.0046118 5.32976 1.60206 -8.20019 8.94504 0 0 0
1
 12 0 0 0 0 0 0
 0 0.02 73.4231 0 6.18597 1.15959 1.15959 0.00542502 0.00542502 5.29449 1.60206 -7.97982 8.72467 0 0 0
1
 12 0 0 0 0 0 0
 0 0.02 79.1283 0 5.98622 1.13017 1.13017 0.0058139 0.0058139 5.27946 1.60206 -7.88589 8.63074 0 0 0
