1
 8 0 0 0 0 0 0
 0 0.02 6.7033 6.77307 28.3512 12.1058 11.3311 2158.36 2180.09 3.50329 5.6454 -2.78528 -6.57822 0 0 0
1
 19 0 0 0 0 0 0
 0 0.02 6.7033 0 28.3512 7.96843 7.96843 3.38658e-05 3.38658e-05 5.4963 -2 -9.24096 18.991 0 0 0
1
 19 0 0 0 0 0 0
 0 0.02 6.7033 0 28.3512 7.96843 7.96843 3.38658e-05 3.38658e-05 5.4963 -2 -9.24096 18.991 0 0 0
1
 8 0 0 0 0 0 0
 0 0.02 7.48714 7.55091 25.181 15.6282 9.70762 1871.78 1871.78 3.50985 5.53921 -2.65158 -6.44646 0 0 0
1
 19 0 0 0 0 0 0
 0 0.02 7.48714 0 25.181 8.34031 8.34031 3.54463e-05 3.54463e-05 5.48639 -2 -9.17906 18.9291 0 0 0
1
 19 0 0 0 0 0 0
 0 0.02 7.48714 0 25.181 8.34031 8.34031 3.54463e-05 3.54463e-05 5.48639 -2 -9.17906 18.9291 0 0 0
1
 8 0 0 0 0 0 0
 0 0.02 8.24404 8.30309 22.9142 15.4665 8.58392 1650.87 1650.87 3.51531 5.45196 -2.53747 -6.34242 0 0 0
1
 19 0 0 0 0 0 0
 0 0.02 8.24404 0 22.9142 7.0962 7.0962 3.01589e-05 3.01589e-05 5.52147 -2 -9.39829 19.1483 0 0 0
1
 19 0 0 0 0 0 0
 0 0.02 8.24404 0 22.9142 7.0962 7.0962 3.01589e-05 3.01589e-05 5.52147 -2 -9.39829 19.1483 0 0 0
1
 8 0 0 0 0 0 0
 0 0.02 12.312 12.3588 16.4509 13.3775 5.57199 1318.67 1318.67 3.51648 5.26149 -2.51263 -5.89109 0 0 0
1
 18 0 0 0 0 0 0
 0 0.02 12.312 0 16.4509 1.83706 1.83706 1.77379e-05 1.77379e-05 6.91049 3.09505 -18.0796 15.092 0 12 0.1
1
 18 0 0 0 0 0 0
 0 0.02 12.312 0 16.4509 1.83706 1.83706 1.77379e-05 1.77379e-05 6.91049 3.09505 -18.0796 15.092 0 12 0.1
1
 8 0 0 0 0 0 0
 0 0.02 15.8964 15.9616 13.7679 11.8721 4.41758 1245.43 1245.43 3.5109 5.18952 -2.62993 -5.59388 0 0 0
1
 18 0 0 0 0 0 0
 0 0.02 15.8964 0 13.7679 1.48438 1.48438 1.90441e-05 1.90441e-05 6.91306 3.16706 -18.0957 14.9281 0 12 0.1
1
 18 0 0 0 0 0 0
 0 0.02 15.8964 0 13.7679 1.48438 1.48438 1.90441e-05 1.90441e-05 6.91306 3.16706 -18.0957 14.9281 0 12 0.1
1
 8 0 0 0 0 0 0
 0 0.02 17.6251 17.7087 12.8766 12.0142 4.04842 1142.11 1142.11 3.51676 5.13773 -2.50679 -5.58754 0 0 0
1
 18 0 0 0 0 0 0
 0 0.02 17.6251 0 12.8766 1.40912 1.40912 1.93773e-05 1.93773e-05 6.91369 3.18463 -18.0996 14.888 0 12 0.1
1
 18 0 0 0 0 0 0
 0 0.02 17.6251 0 12.8766 1.40912 1.40912 1.93773e-05 1.93773e-05 6.91369 3.18463 -18.0996 14.888 0 12 0.1
1
 8 0 0 0 0 0 0
 0 0.02 26.5703 26.7002 10.1083 9.70766 2.95296 780.905 780.905 3.52663 4.84702 -2.29394 -5.07361 0 0 0
1
 18 0 0 0 0 0 0
 0 0.02 26.5703 0 10.1083 1.25653 1.25653 2.01319e-05 2.01319e-05 6.91507 3.22335 -18.1083 14.7999 0 12 0.1
1
 18 0 0 0 0 0 0
 0 0.02 26.5703 0 10.1083 1.25653 1.25653 2.01319e-05 2.01319e-05 6.91507 3.22335 -18.1083 14.7999 0 12 0.1
1
 8 0 0 0 0 0 0
 0 0.02 30.2042 30.3504 9.42949 9.12495 2.69732 668.181 668.181 3.53247 4.73497 -2.16587 -4.92155 0 0 0
1
 18 0 0 0 0 0 0
 0 0.02 30.2042 0 9.42949 1.23238 1.23238 2.02625e-05 2.02625e-05 6.9153 3.2299 -18.1097 14.785 0 12 0.1
1
 18 0 0 0 0 0 0
 0 0.02 30.2042 0 9.42949 1.23238 1.23238 2.02625e-05 2.02625e-05 6.9153 3.2299 -18.1097 14.785 0 12 0.1
1
 8 0 0 0 0 0 0
 0 0.02 34.1167 34.2782 8.84622 8.60921 2.48212 573.482 573.482 3.53719 4.6211 -2.06167 -4.74108 0 0 0
1
 18 0 0 0 0 0 0
 0 0.02 34.1167 0 8.84622 1.21462 1.21462 2.03609e-05 2.03609e-05 6.91548 3.23481 -18.1108 14.7738 0 12 0.1
1
 18 0 0 0 0 0 0
 0 0.02 34.1167 0 8.84622 1.21462 1.21462 2.03609e-05 2.03609e-05 6.91548 3.23481 -18.1108 14.7738 0 12 0.1
1
 8 0 0 0 0 0 0
 0 0.02 35.962 36.1284 8.61073 8.39668 2.39647 536.481 536.481 3.53886 4.56984 -2.02477 -4.64984 0 0 0
1
 18 0 0 0 0 0 0
 0 0.02 35.962 0 8.61073 1.20813 1.20813 2.03972e-05 2.03972e-05 6.91554 3.23662 -18.1112 14.7697 0 12 0.1
1
 18 0 0 0 0 0 0
 0 0.02 35.962 0 8.61073 1.20813 1.20813 2.03972e-05 2.03972e-05 6.91554 3.23662 -18.1112 14.7697 0 12 0.1
1
 8 0 0 0 0 0 0
 0 0.02 40.0865 40.2533 8.15473 7.97864 2.23269 464.797 464.797 3.54437 4.46729 -1.90288 -4.51536 0 0 0
1
 18 0 0 0 0 0 0
 0 0.02 40.0865 0 8.15473 1.19659 1.19659 2.04626e-05 2.04626e-05 6.91566 3.23986 -18.112 14.7623 0 12 0.1
1
 18 0 0 0 0 0 0
 0 0.02 40.0865 0 8.15473 1.19659 1.19659 2.04626e-05 2.04626e-05 6.91566 3.23986 -18.112 14.7623 0 12 0.1
1
 8 0 0 0 0 0 0
 0 0.02 40.6206 40.7832 8.10259 7.92879 2.21414 473.372 473.372 3.54274 4.47668 -1.93879 -4.50291 0 0 0
1
 18 0 0 0 0 0 0
 0 0.02 40.6206 0 8.10259 1.19536 1.19536 2.04696e-05 2.04696e-05 6.91567 3.24021 -18.112 14.7615 0 12 0.1
1
 18 0 0 0 0 0 0
 0 0.02 40.6206 0 8.10259 1.19536 1.19536 2.04696e-05 2.04696e-05 6.91567 3.24021 -18.112 14.7615 0 12 0.1
1
 14 0 0 0 0 0 0
 0 0.02 63.3369 0 6.60901 1.22253 1.22253 0.00452424 0.00452424 5.33392 1.60206 -8.2262 8.97105 0 0 0
1
 12 0 0 0 0 0 0
 0 0.02 75.6861 0 6.10382 1.14744 1.14744 0.0055876 0.0055876 5.28808 1.60206 -7.93976 8.68461 0 0 0
