1
 8 0 0 0 0 0 0
 0 0.02 26.7039 26.8336 10.0805 9.68378 2.94239 776.526 776.526 3.5268 4.84282 -2.2902 -5.06686 0 0 0
1
 18 0 0 0 0 0 0
 0 0.02 26.7039 0 10.0805 1.25546 1.25546 2.01376e-05 2.01376e-05 6.91508 3.22364 -18.1083 14.7992 0 12 0.1
1
 18 0 0 0 0 0 0
 0 0.02 26.7039 0 10.0805 1.25546 1.25546 2.01376e-05 2.01376e-05 6.91508 3.22364 -18.1083 14.7992 0 12 0.1
1
 8 0 0 0 0 0 0
 0 0.02 29.442 29.5846 9.55927 9.23726 2.74577 690.168 690.168 3.53119 4.75799 -2.19396 -4.95101 0 0 0
1
 18 0 0 0 0 0 0
 0 0.02 29.442 0 9.55927 1.2367 1.2367 2.0239e-05 2.0239e-05 6.91526 3.22872 -18.1095 14.7877 0 12 0.1
1
 18 0 0 0 0 0 0
 0 0.02 29.442 0 9.55927 1.2367 1.2367 2.0239e-05 2.0239e-05 6.91526 3.22872 -18.1095 14.7877 0 12 0.1
