1
 19 0 0 0 0 0 0
 0 0.02 3.93818 0 67.4601 16.6597 16.6597 7.08039e-05 7.08039e-05 5.33615 -2 -8.24013 17.9901 0 0 0
1
 19 0 0 0 0 0 0
 0 0.02 3.93818 0 67.4601 16.6597 16.6597 7.08039e-05 7.08039e-05 5.33615 -2 -8.24013 17.9901 0 0 0
1
 8 0 0 0 0 0 0
 0 0.02 12.6242 12.6721 16.1519 13.2089 5.44026 1321.59 1321.59 3.51531 5.25872 -2.53749 -5.8593 0 0 0
1
 18 0 0 0 0 0 0
 0 0.02 12.6242 0 16.1519 1.78577 1.78577 1.79061e-05 1.79061e-05 6.91083 3.10462 -18.0818 15.0702 0 12 0.1
1
 18 0 0 0 0 0 0
 0 0.02 12.6242 0 16.1519 1.78577 1.78577 1.79061e-05 1.79061e-05 6.91083 3.10462 -18.0818 15.0702 0 12 0.1
1
 8 0 0 0 0 0 0
 0 0.02 17.6003 17.6845 12.8877 12.0108 4.05298 1143.7 1143.7 3.51664 5.13848 -2.50924 -5.58697 0 0 0
1
 18 0 0 0 0 0 0
 0 0.02 17.6003 0 12.8877 1.40996 1.40996 1.93734e-05 1.93734e-05 6.91368 3.18443 -18.0996 14.8885 0 12 0.1
1
 18 0 0 0 0 0 0
 0 0.02 17.6003 0 12.8877 1.40996 1.40996 1.93734e-05 1.93734e-05 6.91368 3.18443 -18.0996 14.8885 0 12 0.1
1
 14 0 0 0 0 0 0
 0 0.02 59.8186 0 6.784 1.24958 1.24958 0.00409446 0.00409446 5.35559 1.60206 -8.36164 9.10649 0 0 0
1
 12 0 0 0 0 0 0
 0 0.02 75.3732 0 6.11489 1.14883 1.14883 0.00556913 0.00556913 5.2888 1.60206 -7.94425 8.6891 0 0 0
