1
 19 0 0 0 0 0 0
 0 0.02 6.45195 0 29.614 8.30919 8.30919 3.5314e-05 3.5314e-05 5.4872 -2 -9.18413 18.9341 0 0 0
1
 19 0 0 0 0 0 0
 0 0.02 6.45195 0 29.614 8.30919 8.30919 3.5314e-05 3.5314e-05 5.4872 -2 -9.18413 18.9341 0 0 0
1
 8 0 0 0 0 0 0
 0 0.02 8.32381 8.38247 22.7078 15.4365 8.48322 1630.9 1630.9 3.51582 5.44344 -2.52662 -6.33197 0 0 0
1
 19 0 0 0 0 0 0
 0 0.02 8.32381 0 22.7078 6.98146 6.98146 2.96712e-05 2.96712e-05 5.52501 -2 -9.42041 19.1704 0 0 0
1
 19 0 0 0 0 0 0
 0 0.02 8.32381 0 22.7078 6.98146 6.98146 2.96712e-05 2.96712e-05 5.52501 -2 -9.42041 19.1704 0 0 0
1
 8 0 0 0 0 0 0
 0 0.02 15.0769 15.1364 14.2631 12.1686 4.62588 1275.59 1275.59 3.51121 5.21158 -2.62332 -5.65562 0 0 0
1
 18 0 0 0 0 0 0
 0 0.02 15.0769 0 14.2631 1.53372 1.53372 1.88377e-05 1.88377e-05 6.91267 3.15601 -18.0932 14.9532 0 12 0.1
1
 18 0 0 0 0 0 0
 0 0.02 15.0769 0 14.2631 1.53372 1.53372 1.88377e-05 1.88377e-05 6.91267 3.15601 -18.0932 14.9532 0 12 0.1
1
 8 0 0 0 0 0 0
 0 0.02 15.3375 15.3983 14.1 12.0721 4.55702 1266.82 1266.82 3.51102 5.20481 -2.62737 -5.63465 0 0 0
1
 18 0 0 0 0 0 0
 0 0.02 15.3375 0 14.1 1.51682 1.51682 1.89074e-05 1.89074e-05 6.9128 3.15976 -18.0941 14.9447 0 12 0.1
1
 18 0 0 0 0 0 0
 0 0.02 15.3375 0 14.1 1.51682 1.51682 1.89074e-05 1.89074e-05 6.9128 3.15976 -18.0941 14.9447 0 12 0.1
1
 8 0 0 0 0 0 0
 0 0.02 18.1237 18.2116 12.6519 11.8469 3.95654 1120.33 1120.33 3.517 5.12198 -2.50164 -5.55331 0 0 0
1
 18 0 0 0 0 0 0
 0 0.02 18.1237 0 12.6519 1.39256 1.39256 1.94538e-05 1.94538e-05 6.91383 3.18863 -18.1005 14.879 0 12 0.1
1
 18 0 0 0 0 0 0
 0 0.02 18.1237 0 12.6519 1.39256 1.39256 1.94538e-05 1.94538e-05 6.91383 3.18863 -18.1005 14.879 0 12 0.1
1
 8 0 0 0 0 0 0
 0 0.02 20.8786 20.9789 11.6059 10.9992 3.53556 1000.45 1000.45 3.51915 5.0323 -2.45568 -5.37507 0 0 0
1
 18 0 0 0 0 0 0
 0 0.02 20.8786 0 11.6059 1.32633 1.32633 1.97724e-05 1.97724e-05 6.91442 3.20509 -18.1042 14.8415 0 12 0.1
1
 18 0 0 0 0 0 0
 0 0.02 20.8786 0 11.6059 1.32633 1.32633 1.97724e-05 1.97724e-05 6.91442 3.20509 -18.1042 14.8415 0 12 0.1
1
 8 0 0 0 0 0 0
 0 0.02 25.8425 25.9699 10.2649 9.84007 3.01272 806.249 806.249 3.52547 4.87012 -2.31923 -5.10606 0 0 0
1
 18 0 0 0 0 0 0
 0 0.02 25.8425 0 10.2649 1.26269 1.26269 2.00991e-05 2.00991e-05 6.91501 3.2217 -18.1079 14.8037 0 12 0.1
1
 18 0 0 0 0 0 0
 0 0.02 25.8425 0 10.2649 1.26269 1.26269 2.00991e-05 2.00991e-05 6.91501 3.2217 -18.1079 14.8037 0 12 0.1
1
 8 0 0 0 0 0 0
 0 0.02 29.0492 29.1917 9.62823 9.29731 2.7716 701.739 701.739 3.53056 4.7699 -2.20786 -4.96689 0 0 0
1
 18 0 0 0 0 0 0
 0 0.02 29.0492 0 9.62823 1.23904 1.23904 2.02262e-05 2.02262e-05 6.91524 3.22808 -18.1093 14.7891 0 12 0.1
1
 18 0 0 0 0 0 0
 0 0.02 29.0492 0 9.62823 1.23904 1.23904 2.02262e-05 2.02262e-05 6.91524 3.22808 -18.1093 14.7891 0 12 0.1
1
 8 0 0 0 0 0 0
 0 0.02 41.7219 41.8769 7.9985 7.83161 2.17723 491.072 491.072 3.53946 4.49542 -2.01154 -4.477 0 0 0
1
 18 0 0 0 0 0 0
 0 0.02 41.7219 0 7.9985 1.19293 1.19293 2.04835e-05 2.04835e-05 6.9157 3.24089 -18.1122 14.76 0 12 0.1
1
 18 0 0 0 0 0 0
 0 0.02 41.7219 0 7.9985 1.19293 1.19293 2.04835e-05 2.04835e-05 6.9157 3.24089 -18.1122 14.76 0 12 0.1
