1
 8 0 0 0 0 0 0
 0 0.02 16.6123 16.6819 13.377 11.6318 4.25472 1215.75 1215.75 3.51096 5.16882 -2.62864 -5.54341 0 0 0
1
 18 0 0 0 0 0 0
 0 0.02 16.6123 0 13.377 1.44937 1.44937 1.91962e-05 1.91962e-05 6.91335 3.17512 -18.0975 14.9097 0 12 0.1
1
 18 0 0 0 0 0 0
 0 0.02 16.6123 0 13.377 1.44937 1.44937 1.91962e-05 1.91962e-05 6.91335 3.17512 -18.0975 14.9097 0 12 0.1
1
 8 0 0 0 0 0 0
 0 0.02 17.4169 17.4985 12.9744 12.0817 4.08855 1151.22 1151.22 3.51666 5.14423 -2.50893 -5.60166 0 0 0
1
 18 0 0 0 0 0 0
 0 0.02 17.4169 0 12.9744 1.41661 1.41661 1.93431e-05 1.93431e-05 6.91362 3.18284 -18.0992 14.8921 0 12 0.1
1
 18 0 0 0 0 0 0
 0 0.02 17.4169 0 12.9744 1.41661 1.41661 1.93431e-05 1.93431e-05 6.91362 3.18284 -18.0992 14.8921 0 12 0.1
1
 8 0 0 0 0 0 0
 0 0.02 17.7863 17.8716 12.8024 11.9461 4.01803 1135.57 1135.57 3.51673 5.13266 -2.50725 -5.5744 0 0 0
1
 18 0 0 0 0 0 0
 0 0.02 17.7863 0 12.8024 1.40356 1.40356 1.94029e-05 1.94029e-05 6.91374 3.18597 -18.0999 14.885 0 12 0.1
1
 18 0 0 0 0 0 0
 0 0.02 17.7863 0 12.8024 1.40356 1.40356 1.94029e-05 1.94029e-05 6.91374 3.18597 -18.0999 14.885 0 12 0.1
1
 8 0 0 0 0 0 0
 0 0.02 21.582 21.6877 11.3799 10.8065 3.44607 970.657 970.657 3.5199 5.00902 -2.43972 -5.33282 0 0 0
1
 18 0 0 0 0 0 0
 0 0.02 21.582 0 11.3799 1.3141 1.3141 1.98335e-05 1.98335e-05 6.91453 3.20822 -18.1049 14.8343 0 12 0.1
1
 18 0 0 0 0 0 0
 0 0.02 21.582 0 11.3799 1.3141 1.3141 1.98335e-05 1.98335e-05 6.91453 3.20822 -18.1049 14.8343 0 12 0.1
1
 8 0 0 0 0 0 0
 0 0.02 40.3354 40.501 8.13022 7.95488 2.22396 468.826 468.826 3.5436 4.47171 -1.91993 -4.50933 0 0 0
1
 18 0 0 0 0 0 0
 0 0.02 40.3354 0 8.13022 1.19601 1.19601 2.04659e-05 2.04659e-05 6.91567 3.24002 -18.112 14.7619 0 12 0.1
1
 18 0 0 0 0 0 0
 0 0.02 40.3354 0 8.13022 1.19601 1.19601 2.04659e-05 2.04659e-05 6.91567 3.24002 -18.112 14.7619 0 12 0.1
1
 8 0 0 0 0 0 0
 0 0.02 45.8243 45.9482 7.67828 7.1487 1.38 931.186 931.186 3.49253 4.86351 -2.99417 -4.4146 0 0 0
1
 18 0 0 0 0 0 0
 0 0.02 45.8243 0 7.67828 1.18585 1.18585 2.05242e-05 2.05242e-05 6.91577 3.24291 -18.1126 14.7554 0 12 0.1
1
 18 0 0 0 0 0 0
 0 0.02 45.8243 0 7.67828 1.18585 1.18585 2.05242e-05 2.05242e-05 6.91577 3.24291 -18.1126 14.7554 0 12 0.1
1
 14 0 0 0 0 0 0
 0 0.02 53.417 0 7.15189 1.3145 1.3145 0.00286473 0.00286473 5.43315 1.60206 -8.84632 9.59117 0 0 0
1
 14 0 0 0 0 0 0
 0 0.02 53.646 0 7.13352 1.3034 1.3034 0.00310479 0.00310479 5.41567 1.60206 -8.73712 9.48197 0 0 0
1
 14 0 0 0 0 0 0
 0 0.02 63.7852 0 6.58793 1.21936 1.21936 0.00457253 0.00457253 5.33161 1.60206 -8.21179 8.95664 0 0 0
1
 12 0 0 0 0 0 0
 0 0.02 73.9603 0 6.16604 1.15638 1.15638 0.00546834 0.00546834 5.29276 1.60206 -7.96903 8.71388 0 0 0
1
 12 0 0 0 0 0 0
 0 0.02 75.8228 0 6.09898 1.14679 1.14679 0.00559619 0.00559619 5.28774 1.60206 -7.93767 8.68252 0 0 0
1
 12 0 0 0 0 0 0
 0 0.02 90.8562 0 5.64045 1.08019 1.08019 0.00644352 0.00644352 5.25713 1.60206 -7.74638 8.49123 0 0 0
