1
 19 0 0 0 0 0 0
 0 0.02 5.0882 0 40.9835 8.10157 8.10157 3.44317e-05 3.44317e-05 5.4927 -2 -9.21847 18.9685 0 0 0
1
 19 0 0 0 0 0 0
 0 0.02 5.0882 0 40.9835 8.10157 8.10157 3.44317e-05 3.44317e-05 5.4927 -2 -9.21847 18.9685 0 0 0
1
 19 0 0 0 0 0 0
 0 0.02 5.99227 0 32.4618 10.6949 10.6949 4.54533e-05 4.54533e-05 5.43239 -2 -8.84159 18.5916 0 0 0
1
 19 0 0 0 0 0 0
 0 0.02 5.99227 0 32.4618 10.6949 10.6949 4.54533e-05 4.54533e-05 5.43239 -2 -8.84159 18.5916 0 0 0
1
 8 0 0 0 0 0 0
 0 0.02 6.49936 6.57109 29.3744 11.9978 11.8674 1135.5 2095.26 3.51963 5.67628 -2.44552 -6.99518 0 0 0
1
 19 0 0 0 0 0 0
 0 0.02 6.49936 0 29.3744 8.344 8.344 3.5462e-05 3.5462e-05 5.48629 -2 -9.17846 18.9285 0 0 0
1
 19 0 0 0 0 0 0
 0 0.02 6.49936 0 29.3744 8.344 8.344 3.5462e-05 3.5462e-05 5.48629 -2 -9.17846 18.9285 0 0 0
1
 8 0 0 0 0 0 0
 0 0.02 8.16219 8.22183 23.1312 15.4985 8.69009 1671.78 1671.78 3.51479 5.4608 -2.5485 -6.3535 0 0 0
1
 19 0 0 0 0 0 0
 0 0.02 8.16219 0 23.1312 7.21797 7.21797 3.06764e-05 3.06764e-05 5.51777 -2 -9.3752 19.1252 0 0 0
1
 19 0 0 0 0 0 0
 0 0.02 8.16219 0 23.1312 7.21797 7.21797 3.06764e-05 3.06764e-05 5.51777 -2 -9.3752 19.1252 0 0 0
1
 8 0 0 0 0 0 0
 0 0.02 11.309 11.356 17.5327 13.9183 6.05448 1292.46 1292.46 3.52106 5.26236 -2.41476 -5.99115 0 0 0
1
 18 0 0 0 0 0 0
 0 0.02 11.309 0 17.5327 2.05571 2.05571 1.70853e-05 1.70853e-05 6.90913 3.05707 -18.0712 15.1785 0 12 0.1
1
 18 0 0 0 0 0 0
 0 0.02 11.309 0 17.5327 2.05571 2.05571 1.70853e-05 1.70853e-05 6.90913 3.05707 -18.0712 15.1785 0 12 0.1
1
 8 0 0 0 0 0 0
 0 0.02 20.721 20.821 11.6583 11.0344 3.55638 1007.45 1007.45 3.51893 5.03748 -2.46034 -5.38337 0 0 0
1
 18 0 0 0 0 0 0
 0 0.02 20.721 0 11.6583 1.32926 1.32926 1.97578e-05 1.97578e-05 6.91439 3.20434 -18.104 14.8432 0 12 0.1
1
 18 0 0 0 0 0 0
 0 0.02 20.721 0 11.6583 1.32926 1.32926 1.97578e-05 1.97578e-05 6.91439 3.20434 -18.104 14.8432 0 12 0.1
1
 8 0 0 0 0 0 0
 0 0.02 25.8653 25.9917 10.2601 9.8361 3.01089 805.401 805.401 3.52553 4.86943 -2.31801 -5.10555 0 0 0
1
 18 0 0 0 0 0 0
 0 0.02 25.8653 0 10.2601 1.2625 1.2625 2.01001e-05 2.01001e-05 6.91501 3.22175 -18.1079 14.8035 0 12 0.1
1
 18 0 0 0 0 0 0
 0 0.02 25.8653 0 10.2601 1.2625 1.2625 2.01001e-05 2.01001e-05 6.91501 3.22175 -18.1079 14.8035 0 12 0.1
1
 8 0 0 0 0 0 0
 0 0.02 28.4275 28.5654 9.7417 9.39436 2.81422 720.686 720.686 3.52956 4.78903 -2.22987 -4.9927 0 0 0
1
 18 0 0 0 0 0 0
 0 0.02 28.4275 0 9.7417 1.24299 1.24299 2.02047e-05 2.02047e-05 6.9152 3.22701 -18.1091 14.7916 0 12 0.1
1
 18 0 0 0 0 0 0
 0 0.02 28.4275 0 9.7417 1.24299 1.24299 2.02047e-05 2.02047e-05 6.9152 3.22701 -18.1091 14.7916 0 12 0.1
1
 8 0 0 0 0 0 0
 0 0.02 30.6285 30.7773 9.35969 9.06386 2.67134 656.478 656.478 3.53313 4.72226 -2.15137 -4.90427 0 0 0
1
 18 0 0 0 0 0 0
 0 0.02 30.6285 0 9.35969 1.23012 1.23012 2.0275e-05 2.0275e-05 6.91533 3.23052 -18.1099 14.7836 0 12 0.1
1
 18 0 0 0 0 0 0
 0 0.02 30.6285 0 9.35969 1.23012 1.23012 2.0275e-05 2.0275e-05 6.91533 3.23052 -18.1099 14.7836 0 12 0.1
1
 8 0 0 0 0 0 0
 0 0.02 31.1155 31.2655 9.28194 8.99523 2.64248 643.22 643.22 3.53395 4.70782 -2.13328 -4.88626 0 0 0
1
 18 0 0 0 0 0 0
 0 0.02 31.1155 0 9.28194 1.22765 1.22765 2.02886e-05 2.02886e-05 6.91535 3.2312 -18.11 14.782 0 12 0.1
1
 18 0 0 0 0 0 0
 0 0.02 31.1155 0 9.28194 1.22765 1.22765 2.02886e-05 2.02886e-05 6.91535 3.2312 -18.11 14.782 0 12 0.1
1
 8 0 0 0 0 0 0
 0 0.02 35.1367 35.3013 8.71333 8.4887 2.43369 552.657 552.657 3.53809 4.59257 -2.04176 -4.68968 0 0 0
1
 18 0 0 0 0 0 0
 0 0.02 35.1367 0 8.71333 1.21091 1.21091 2.03816e-05 2.03816e-05 6.91552 3.23584 -18.1111 14.7715 0 12 0.1
1
 18 0 0 0 0 0 0
 0 0.02 35.1367 0 8.71333 1.21091 1.21091 2.03816e-05 2.03816e-05 6.91552 3.23584 -18.1111 14.7715 0 12 0.1
1
 8 0 0 0 0 0 0
 0 0.02 40.2268 40.3915 8.14102 7.9651 2.22781 467.04 467.04 3.54394 4.46976 -1.91236 -4.51205 0 0 0
1
 18 0 0 0 0 0 0
 0 0.02 40.2268 0 8.14102 1.19627 1.19627 2.04644e-05 2.04644e-05 6.91566 3.23995 -18.112 14.7621 0 12 0.1
1
 18 0 0 0 0 0 0
 0 0.02 40.2268 0 8.14102 1.19627 1.19627 2.04644e-05 2.04644e-05 6.91566 3.23995 -18.112 14.7621 0 12 0.1
1
 14 0 0 0 0 0 0
 0 0.02 53.5751 0 7.13768 1.30368 1.30368 0.00309882 0.00309882 5.41609 1.60206 -8.73973 9.48458 0 0 0
1
 14 0 0 0 0 0 0
 0 0.02 59.9574 0 6.77664 1.24838 1.24838 0.00411434 0.00411434 5.35454 1.60206 -8.35507 9.09992 0 0 0
1
 12 0 0 0 0 0 0
 0 0.02 78.2285 0 6.01609 1.13452 1.13452 0.0057574 0.0057574 5.28158 1.60206 -7.89914 8.64399 0 0 0
