1
 19 0 0 0 0 0 0
 0 0.02 4.70819 0 47.0438 8.05369 8.05369 3.42282e-05 3.42282e-05 5.49398 -2 -9.22652 18.9765 0 0 0
1
 19 0 0 0 0 0 0
 0 0.02 4.70819 0 47.0438 8.05369 8.05369 3.42282e-05 3.42282e-05 5.49398 -2 -9.22652 18.9765 0 0 0
1
 19 0 0 0 0 0 0
 0 0.02 5.05248 0 41.6298 7.05234 7.05234 2.99725e-05 2.99725e-05 5.52281 -2 -9.4067 19.1567 0 0 0
1
 19 0 0 0 0 0 0
 0 0.02 5.05248 0 41.6298 7.05234 7.05234 2.99725e-05 2.99725e-05 5.52281 -2 -9.4067 19.1567 0 0 0
1
 19 0 0 0 0 0 0
 0 0.02 5.97823 0 32.5596 10.7875 10.7875 4.5847e-05 4.5847e-05 5.43052 -2 -8.82989 18.5799 0 0 0
1
 19 0 0 0 0 0 0
 0 0.02 5.97823 0 32.5596 10.7875 10.7875 4.5847e-05 4.5847e-05 5.43052 -2 -8.82989 18.5799 0 0 0
1
 8 0 0 0 0 0 0
 0 0.02 7.73473 7.79692 24.3706 15.6134 9.30223 1792.28 1792.28 3.51179 5.50926 -2.61137 -6.41179 0 0 0
1
 19 0 0 0 0 0 0
 0 0.02 7.73473 0 24.3706 7.90413 7.90413 3.35926e-05 3.35926e-05 5.49805 -2 -9.25195 19.002 0 0 0
1
 19 0 0 0 0 0 0
 0 0.02 7.73473 0 24.3706 7.90413 7.90413 3.35926e-05 3.35926e-05 5.49805 -2 -9.25195 19.002 0 0 0
1
 8 0 0 0 0 0 0
 0 0.02 10.2088 10.2597 18.9998 14.5122 6.7234 1276.15 1276.15 3.52557 5.26937 -2.31711 -6.10632 0 0 0
1
 19 0 0 0 0 0 0
 0 0.02 10.2088 0 18.9998 3.9332 3.9332 1.67161e-05 1.67161e-05 5.64961 -2 -10.1991 19.9491 0 0 0
1
 19 0 0 0 0 0 0
 0 0.02 10.2088 0 18.9998 3.9332 3.9332 1.67161e-05 1.67161e-05 5.64961 -2 -10.1991 19.9491 0 0 0
1
 8 0 0 0 0 0 0
 0 0.02 13.4851 13.5354 15.4059 12.8152 5.11496 1316.11 1316.11 3.51316 5.24652 -2.58269 -5.78362 0 0 0
1
 18 0 0 0 0 0 0
 0 0.02 13.4851 0 15.4059 1.67255 1.67255 1.83013e-05 1.83013e-05 6.91162 3.12674 -18.0867 15.0198 0 12 0.1
1
 18 0 0 0 0 0 0
 0 0.02 13.4851 0 15.4059 1.67255 1.67255 1.83013e-05 1.83013e-05 6.91162 3.12674 -18.0867 15.0198 0 12 0.1
1
 8 0 0 0 0 0 0
 0 0.02 18.8328 18.9235 12.3541 11.6085 3.83555 1089.35 1089.35 3.51741 5.09928 -2.49286 -5.50534 0 0 0
1
 18 0 0 0 0 0 0
 0 0.02 18.8328 0 12.3541 1.37197 1.37197 1.95507e-05 1.95507e-05 6.91401 3.19366 -18.1016 14.8675 0 12 0.1
1
 18 0 0 0 0 0 0
 0 0.02 18.8328 0 12.3541 1.37197 1.37197 1.95507e-05 1.95507e-05 6.91401 3.19366 -18.1016 14.8675 0 12 0.1
1
 8 0 0 0 0 0 0
 0 0.02 20.176 20.273 11.8462 11.1992 3.63127 1030.73 1030.73 3.51847 5.05545 -2.47037 -5.41824 0 0 0
1
 18 0 0 0 0 0 0
 0 0.02 20.176 0 11.8462 1.34009 1.34009 1.97045e-05 1.97045e-05 6.91429 3.2016 -18.1034 14.8494 0 12 0.1
1
 18 0 0 0 0 0 0
 0 0.02 20.176 0 11.8462 1.34009 1.34009 1.97045e-05 1.97045e-05 6.91429 3.2016 -18.1034 14.8494 0 12 0.1
1
 8 0 0 0 0 0 0
 0 0.02 26.4866 26.6152 10.1261 9.72286 2.95975 783.864 783.864 3.52648 4.8497 -2.29725 -5.07699 0 0 0
1
 18 0 0 0 0 0 0
 0 0.02 26.4866 0 10.1261 1.25722 1.25722 2.01282e-05 2.01282e-05 6.91506 3.22316 -18.1082 14.8003 0 12 0.1
1
 18 0 0 0 0 0 0
 0 0.02 26.4866 0 10.1261 1.25722 1.25722 2.01282e-05 2.01282e-05 6.91506 3.22316 -18.1082 14.8003 0 12 0.1
1
 8 0 0 0 0 0 0
 0 0.02 34.8742 35.0396 8.74667 8.52025 2.44582 557.826 557.826 3.53788 4.59983 -2.04636 -4.70321 0 0 0
1
 18 0 0 0 0 0 0
 0 0.02 34.8742 0 8.74667 1.21183 1.21183 2.03765e-05 2.03765e-05 6.91551 3.23558 -18.111 14.772 0 12 0.1
1
 18 0 0 0 0 0 0
 0 0.02 34.8742 0 8.74667 1.21183 1.21183 2.03765e-05 2.03765e-05 6.91551 3.23558 -18.111 14.772 0 12 0.1
1
 8 0 0 0 0 0 0
 0 0.02 40.4335 40.5983 8.12065 7.946 2.22056 470.413 470.413 3.54329 4.47343 -1.92664 -4.50693 0 0 0
1
 18 0 0 0 0 0 0
 0 0.02 40.4335 0 8.12065 1.19578 1.19578 2.04672e-05 2.04672e-05 6.91567 3.24009 -18.112 14.7618 0 12 0.1
1
 18 0 0 0 0 0 0
 0 0.02 40.4335 0 8.12065 1.19578 1.19578 2.04672e-05 2.04672e-05 6.91567 3.24009 -18.112 14.7618 0 12 0.1
1
 8 0 0 0 0 0 0
 0 0.02 44.9027 45.0336 7.74298 7.39653 1.38 733.657 733.657 3.50994 4.72604 -2.64981 -4.41529 0 0 0
1
 18 0 0 0 0 0 0
 0 0.02 44.9027 0 7.74298 1.18723 1.18723 2.05162e-05 2.05162e-05 6.91575 3.24251 -18.1125 14.7563 0 12 0.1
1
 18 0 0 0 0 0 0
 0 0.02 44.9027 0 7.74298 1.18723 1.18723 2.05162e-05 2.05162e-05 6.91575 3.24251 -18.1125 14.7563 0 12 0.1
1
 14 0 0 0 0 0 0
 0 0.02 56.1522 0 6.98431 1.28016 1.28016 0.00356057 0.00356057 5.38593 1.60206 -8.55123 9.29608 0 0 0
1
 14 0 0 0 0 0 0
 0 0.02 66.8552 0 6.44976 1.19899 1.19899 0.00487453 0.00487453 5.31772 1.60206 -8.12501 8.86986 0 0 0
1
 12 0 0 0 0 0 0
 0 0.02 76.2748 0 6.08437 1.14783 1.14783 0.00558238 0.00558238 5.28828 1.60206 -7.94103 8.68588 0 0 0
1
 12 0 0 0 0 0 0
 0 0.02 80.5167 0 5.94117 1.12377 1.12377 0.00589656 0.00589656 5.27639 1.60206 -7.86673 8.61158 0 0 0
1
 12 0 0 0 0 0 0
 0 0.02 84.5967 0 5.81541 1.10536 1.10536 0.00613064 0.00613064 5.26794 1.60206 -7.81391 8.55876 0 0 0
1
 12 0 0 0 0 0 0
 0 0.02 95.2739 0 5.52812 1.06407 1.06407 0.00664023 0.00664023 5.2506 1.60206 -7.70558 8.45043 0 0 0
1
 12 0 0 0 0 0 0
 0 0.02 98.1674 0 5.4589 1.05415 1.05415 0.00675998 0.00675998 5.24672 1.60206 -7.68133 8.42618 0 0 0
