1
 19 0 0 0 0 0 0
 0 0.02 3.89845 0 67.4727 16.6459 16.6459 7.0745e-05 7.0745e-05 5.33633 -2 -8.24126 17.9913 0 0 0
1
 19 0 0 0 0 0 0
 0 0.02 3.89845 0 67.4727 16.6459 16.6459 7.0745e-05 7.0745e-05 5.33633 -2 -8.24126 17.9913 0 0 0
1
 8 0 0 0 0 0 0
 0 0.02 8.47679 8.53458 22.3268 15.3725 8.29807 1594.19 1594.19 3.51676 5.42743 -2.50663 -6.31195 0 0 0
1
 19 0 0 0 0 0 0
 0 0.02 8.47679 0 22.3268 6.76902 6.76902 2.87683e-05 2.87683e-05 5.53172 -2 -9.46234 19.2123 0 0 0
1
 19 0 0 0 0 0 0
 0 0.02 8.47679 0 22.3268 6.76902 6.76902 2.87683e-05 2.87683e-05 5.53172 -2 -9.46234 19.2123 0 0 0
1
 8 0 0 0 0 0 0
 0 0.02 14.4597 14.5135 14.676 12.4314 4.80124 1294.12 1294.12 3.51185 5.22665 -2.61009 -5.70652 0 0 0
1
 18 0 0 0 0 0 0
 0 0.02 14.4597 0 14.676 1.57957 1.57957 1.86536e-05 1.86536e-05 6.91231 3.14606 -18.091 14.9759 0 12 0.1
1
 18 0 0 0 0 0 0
 0 0.02 14.4597 0 14.676 1.57957 1.57957 1.86536e-05 1.86536e-05 6.91231 3.14606 -18.091 14.9759 0 12 0.1
1
 8 0 0 0 0 0 0
 0 0.02 38.5206 38.6889 8.3176 8.12774 2.29086 487.322 487.322 3.54259 4.5013 -1.94213 -4.56112 0 0 0
1
 18 0 0 0 0 0 0
 0 0.02 38.5206 0 8.3176 1.20057 1.20057 2.044e-05 2.044e-05 6.91562 3.23874 -18.1117 14.7649 0 12 0.1
1
 18 0 0 0 0 0 0
 0 0.02 38.5206 0 8.3176 1.20057 1.20057 2.044e-05 2.044e-05 6.91562 3.23874 -18.1117 14.7649 0 12 0.1
1
 8 0 0 0 0 0 0
 0 0.02 39.3601 39.5275 8.22881 8.04689 2.2591 472.296 472.296 3.54393 4.47944 -1.91261 -4.53598 0 0 0
1
 18 0 0 0 0 0 0
 0 0.02 39.3601 0 8.22881 1.19838 1.19838 2.04524e-05 2.04524e-05 6.91564 3.23935 -18.1118 14.7635 0 12 0.1
1
 18 0 0 0 0 0 0
 0 0.02 39.3601 0 8.22881 1.19838 1.19838 2.04524e-05 2.04524e-05 6.91564 3.23935 -18.1118 14.7635 0 12 0.1
