1
 19 0 0 0 0 0 0
 0 0.02 4.93035 0 43.4524 6.97441 6.97441 2.96413e-05 2.96413e-05 5.52523 -2 -9.42178 19.1718 0 0 0
1
 19 0 0 0 0 0 0
 0 0.02 4.93035 0 43.4524 6.97441 6.97441 2.96413e-05 2.96413e-05 5.52523 -2 -9.42178 19.1718 0 0 0
1
 8 0 0 0 0 0 0
 0 0.02 6.89902 6.96713 27.4567 14.227 10.8671 2106.74 2106.74 3.50363 5.61703 -2.77847 -6.51412 0 0 0
1
 19 0 0 0 0 0 0
 0 0.02 6.89902 0 27.4567 8.79654 8.79654 3.73853e-05 3.73853e-05 5.47483 -2 -9.10678 18.8568 0 0 0
1
 19 0 0 0 0 0 0
 0 0.02 6.89902 0 27.4567 8.79654 8.79654 3.73853e-05 3.73853e-05 5.47483 -2 -9.10678 18.8568 0 0 0
