1
 19 0 0 0 0 0 0
 0 0.02 3.85452 0 67.4582 16.0278 16.0278 6.81182e-05 6.81182e-05 5.34454 -2 -8.2926 18.0426 0 0 0
1
 19 0 0 0 0 0 0
 0 0.02 3.85452 0 67.4582 16.0278 16.0278 6.81182e-05 6.81182e-05 5.34454 -2 -8.2926 18.0426 0 0 0
1
 19 0 0 0 0 0 0
 0 0.02 4.88712 0 44.1309 7.0228 7.0228 2.98469e-05 2.98469e-05 5.52373 -2 -9.4124 19.1624 0 0 0
1
 19 0 0 0 0 0 0
 0 0.02 4.88712 0 44.1309 7.0228 7.0228 2.98469e-05 2.98469e-05 5.52373 -2 -9.4124 19.1624 0 0 0
1
 19 0 0 0 0 0 0
 0 0.02 5.01748 0 42.1537 6.92155 6.92155 2.94166e-05 2.94166e-05 5.52688 -2 -9.4321 19.1821 0 0 0
1
 19 0 0 0 0 0 0
 0 0.02 5.01748 0 42.1537 6.92155 6.92155 2.94166e-05 2.94166e-05 5.52688 -2 -9.4321 19.1821 0 0 0
1
 19 0 0 0 0 0 0
 0 0.02 5.65945 0 34.9851 12.919 12.919 5.49058e-05 5.49058e-05 5.39137 -2 -8.5852 18.3352 0 0 0
1
 19 0 0 0 0 0 0
 0 0.02 5.65945 0 34.9851 12.919 12.919 5.49058e-05 5.49058e-05 5.39137 -2 -8.5852 18.3352 0 0 0
1
 8 0 0 0 0 0 0
 0 0.02 9.06359 9.11855 21.0191 15.0954 7.66997 1468.74 1468.74 3.52008 5.36951 -2.43578 -6.23799 0 0 0
1
 19 0 0 0 0 0 0
 0 0.02 9.06359 0 21.0191 5.92199 5.92199 2.51685e-05 2.51685e-05 5.56075 -2 -9.64377 19.3938 0 0 0
1
 19 0 0 0 0 0 0
 0 0.02 9.06359 0 21.0191 5.92199 5.92199 2.51685e-05 2.51685e-05 5.56075 -2 -9.64377 19.3938 0 0 0
1
 8 0 0 0 0 0 0
 0 0.02 12.8605 12.9085 15.9368 13.0974 5.34598 1321.84 1321.84 3.51458 5.25599 -2.55276 -5.83722 0 0 0
1
 18 0 0 0 0 0 0
 0 0.02 12.8605 0 15.9368 1.75105 1.75105 1.80237e-05 1.80237e-05 6.91107 3.11125 -18.0832 15.0551 0 12 0.1
1
 18 0 0 0 0 0 0
 0 0.02 12.8605 0 15.9368 1.75105 1.75105 1.80237e-05 1.80237e-05 6.91107 3.11125 -18.0832 15.0551 0 12 0.1
1
 8 0 0 0 0 0 0
 0 0.02 13.1769 13.2263 15.6608 12.9522 5.22559 1319.87 1319.87 3.5138 5.25157 -2.56921 -5.80971 0 0 0
1
 18 0 0 0 0 0 0
 0 0.02 13.1769 0 15.6608 1.70901 1.70901 1.81702e-05 1.81702e-05 6.91136 3.11946 -18.0851 15.0364 0 12 0.1
1
 18 0 0 0 0 0 0
 0 0.02 13.1769 0 15.6608 1.70901 1.70901 1.81702e-05 1.81702e-05 6.91136 3.11946 -18.0851 15.0364 0 12 0.1
1
 8 0 0 0 0 0 0
 0 0.02 27.2914 27.4238 9.96063 9.58242 2.8969 756.856 756.856 3.52776 4.82434 -2.26939 -5.04147 0 0 0
1
 18 0 0 0 0 0 0
 0 0.02 27.2914 0 9.96063 1.25093 1.25093 2.01619e-05 2.01619e-05 6.91512 3.22486 -18.1086 14.7965 0 12 0.1
1
 18 0 0 0 0 0 0
 0 0.02 27.2914 0 9.96063 1.25093 1.25093 2.01619e-05 2.01619e-05 6.91512 3.22486 -18.1086 14.7965 0 12 0.1
1
 8 0 0 0 0 0 0
 0 0.02 42.132 42.2837 7.96095 7.79544 2.16395 497.621 497.621 3.53827 4.50217 -2.03781 -4.46763 0 0 0
1
 18 0 0 0 0 0 0
 0 0.02 42.132 0 7.96095 1.19207 1.19207 2.04884e-05 2.04884e-05 6.91571 3.24114 -18.1122 14.7594 0 12 0.1
1
 18 0 0 0 0 0 0
 0 0.02 42.132 0 7.96095 1.19207 1.19207 2.04884e-05 2.04884e-05 6.91571 3.24114 -18.1122 14.7594 0 12 0.1
1
 14 0 0 0 0 0 0
 0 0.02 49.2779 0 7.42319 1.34838 1.34838 0.00197784 0.00197784 5.51359 1.60206 -9.34908 10.0939 0 0 0
