1
 19 0 0 0 0 0 0
 0 0.02 5.45458 0 36.7896 12.6618 12.6618 5.38127e-05 5.38127e-05 5.39573 -2 -8.61249 18.3625 0 0 0
1
 19 0 0 0 0 0 0
 0 0.02 5.45458 0 36.7896 12.6618 12.6618 5.38127e-05 5.38127e-05 5.39573 -2 -8.61249 18.3625 0 0 0
1
 8 0 0 0 0 0 0
 0 0.02 9.25757 9.31185 20.6325 14.9944 7.48651 1431.89 1431.89 3.52108 5.35142 -2.4144 -6.21416 0 0 0
1
 19 0 0 0 0 0 0
 0 0.02 9.25757 0 20.6325 5.45783 5.45783 2.31958e-05 2.31958e-05 5.57847 -2 -9.75454 19.5045 0 0 0
1
 19 0 0 0 0 0 0
 0 0.02 9.25757 0 20.6325 5.45783 5.45783 2.31958e-05 2.31958e-05 5.57847 -2 -9.75454 19.5045 0 0 0
1
 8 0 0 0 0 0 0
 0 0.02 11.2281 11.2768 17.6274 13.9307 6.09718 1290.29 1290.29 3.52128 5.2618 -2.40992 -5.99458 0 0 0
1
 18 0 0 0 0 0 0
 0 0.02 11.2281 0 17.6274 2.07762 2.07762 1.7025e-05 1.7025e-05 6.909 3.05349 -18.0704 15.1866 0 12 0.1
1
 18 0 0 0 0 0 0
 0 0.02 11.2281 0 17.6274 2.07762 2.07762 1.7025e-05 1.7025e-05 6.909 3.05349 -18.0704 15.1866 0 12 0.1
1
 8 0 0 0 0 0 0
 0 0.02 12.0566 12.1042 16.7066 13.4868 5.68516 1315.77 1315.77 3.51733 5.26296 -2.49466 -5.91274 0 0 0
1
 18 0 0 0 0 0 0
 0 0.02 12.0566 0 16.7066 1.88386 1.88386 1.75898e-05 1.75898e-05 6.91019 3.08656 -18.0777 15.1113 0 12 0.1
1
 18 0 0 0 0 0 0
 0 0.02 12.0566 0 16.7066 1.88386 1.88386 1.75898e-05 1.75898e-05 6.91019 3.08656 -18.0777 15.1113 0 12 0.1
1
 8 0 0 0 0 0 0
 0 0.02 15.2442 15.304 14.1581 12.126 4.58149 1269.3 1269.3 3.51121 5.20727 -2.62342 -5.64476 0 0 0
1
 18 0 0 0 0 0 0
 0 0.02 15.2442 0 14.1581 1.52276 1.52276 1.88828e-05 1.88828e-05 6.91275 3.15844 -18.0938 14.9477 0 12 0.1
1
 18 0 0 0 0 0 0
 0 0.02 15.2442 0 14.1581 1.52276 1.52276 1.88828e-05 1.88828e-05 6.91275 3.15844 -18.0938 14.9477 0 12 0.1
1
 8 0 0 0 0 0 0
 0 0.02 33.0095 33.1676 8.99866 8.74597 2.53795 597.409 597.409 3.53619 4.65259 -2.08385 -4.79764 0 0 0
1
 18 0 0 0 0 0 0
 0 0.02 33.0095 0 8.99866 1.21902 1.21902 2.03363e-05 2.03363e-05 6.91544 3.23359 -18.1106 14.7766 0 12 0.1
1
 18 0 0 0 0 0 0
 0 0.02 33.0095 0 8.99866 1.21902 1.21902 2.03363e-05 2.03363e-05 6.91544 3.23359 -18.1106 14.7766 0 12 0.1
