1
 19 0 0 0 0 0 0
 0 0.02 4.14951 0 60.7273 14.0694 14.0694 5.97949e-05 5.97949e-05 5.37284 -2 -8.46945 18.2194 0 0 0
1
 19 0 0 0 0 0 0
 0 0.02 4.14951 0 60.7273 14.0694 14.0694 5.97949e-05 5.97949e-05 5.37284 -2 -8.46945 18.2194 0 0 0
1
 8 0 0 0 0 0 0
 0 0.02 15.6869 15.75 13.8898 11.9596 4.46861 1253.11 1253.11 3.51102 5.19537 -2.62731 -5.61111 0 0 0
1
 18 0 0 0 0 0 0
 0 0.02 15.6869 0 13.8898 1.49598 1.49598 1.89948e-05 1.89948e-05 6.91297 3.16443 -18.0951 14.934 0 12 0.1
1
 18 0 0 0 0 0 0
 0 0.02 15.6869 0 13.8898 1.49598 1.49598 1.89948e-05 1.89948e-05 6.91297 3.16443 -18.0951 14.934 0 12 0.1
1
 8 0 0 0 0 0 0
 0 0.02 23.9533 24.0704 10.7134 10.2301 3.1854 875.535 875.535 3.52282 4.93113 -2.37673 -5.20108 0 0 0
1
 18 0 0 0 0 0 0
 0 0.02 23.9533 0 10.7134 1.28171 1.28171 1.99992e-05 1.99992e-05 6.91483 3.21665 -18.1068 14.8152 0 12 0.1
1
 18 0 0 0 0 0 0
 0 0.02 23.9533 0 10.7134 1.28171 1.28171 1.99992e-05 1.99992e-05 6.91483 3.21665 -18.1068 14.8152 0 12 0.1
1
 8 0 0 0 0 0 0
 0 0.02 33.2944 33.4534 8.95858 8.71041 2.52324 591.128 591.128 3.53644 4.64444 -2.07819 -4.7829 0 0 0
1
 18 0 0 0 0 0 0
 0 0.02 33.2944 0 8.95858 1.21784 1.21784 2.03429e-05 2.03429e-05 6.91545 3.23391 -18.1106 14.7758 0 12 0.1
1
 18 0 0 0 0 0 0
 0 0.02 33.2944 0 8.95858 1.21784 1.21784 2.03429e-05 2.03429e-05 6.91545 3.23391 -18.1106 14.7758 0 12 0.1
1
 8 0 0 0 0 0 0
 0 0.02 35.7902 35.958 8.63153 8.41537 2.404 539.744 539.744 3.53871 4.5745 -2.02814 -4.65812 0 0 0
1
 18 0 0 0 0 0 0
 0 0.02 35.7902 0 8.63153 1.20869 1.20869 2.03941e-05 2.03941e-05 6.91554 3.23646 -18.1112 14.77 0 12 0.1
1
 18 0 0 0 0 0 0
 0 0.02 35.7902 0 8.63153 1.20869 1.20869 2.03941e-05 2.03941e-05 6.91554 3.23646 -18.1112 14.77 0 12 0.1
1
 8 0 0 0 0 0 0
 0 0.02 42.8233 42.9694 7.89901 7.73369 2.14208 508.726 508.726 3.53626 4.51332 -2.08216 -4.45115 0 0 0
1
 18 0 0 0 0 0 0
 0 0.02 42.8233 0 7.89901 1.19067 1.19067 2.04965e-05 2.04965e-05 6.91572 3.24153 -18.1123 14.7585 0 12 0.1
1
 18 0 0 0 0 0 0
 0 0.02 42.8233 0 7.89901 1.19067 1.19067 2.04965e-05 2.04965e-05 6.91572 3.24153 -18.1123 14.7585 0 12 0.1
1
 8 0 0 0 0 0 0
 0 0.02 43.127 43.271 7.87228 7.70686 2.13267 513.639 513.639 3.53538 4.51813 -2.1017 -4.44363 0 0 0
1
 18 0 0 0 0 0 0
 0 0.02 43.127 0 7.87228 1.19007 1.19007 2.04999e-05 2.04999e-05 6.91573 3.2417 -18.1124 14.7581 0 12 0.1
1
 18 0 0 0 0 0 0
 0 0.02 43.127 0 7.87228 1.19007 1.19007 2.04999e-05 2.04999e-05 6.91573 3.2417 -18.1124 14.7581 0 12 0.1
1
 14 0 0 0 0 0 0
 0 0.02 55.9663 0 6.995 1.28186 1.28186 0.00352899 0.00352899 5.38787 1.60206 -8.56332 9.30817 0 0 0
1
 12 0 0 0 0 0 0
 0 0.02 83.9576 0 5.83447 1.10815 1.10815 0.00609544 0.00609544 5.26919 1.60206 -7.82173 8.56658 0 0 0
1
 12 0 0 0 0 0 0
 0 0.02 90.3443 0 5.65407 1.08229 1.08229 0.00641773 0.00641773 5.258 1.60206 -7.75182 8.49667 0 0 0
