1
 8 0 0 0 0 0 0
 0 0.02 7.09012 7.15675 26.6551 15.5426 10.4553 2015.61 2015.61 3.50662 5.5906 -2.7179 -6.50861 0 0 0
1
 19 0 0 0 0 0 0
 0 0.02 7.09012 0 26.6551 9.0985 9.0985 3.86686e-05 3.86686e-05 5.4675 -2 -9.06098 18.811 0 0 0
1
 19 0 0 0 0 0 0
 0 0.02 7.09012 0 26.6551 9.0985 9.0985 3.86686e-05 3.86686e-05 5.4675 -2 -9.06098 18.811 0 0 0
1
 8 0 0 0 0 0 0
 0 0.02 13.5052 13.5558 15.3895 12.8067 5.10786 1315.88 1315.88 3.51311 5.24617 -2.58378 -5.78164 0 0 0
1
 18 0 0 0 0 0 0
 0 0.02 13.5052 0 15.3895 1.67028 1.67028 1.83096e-05 1.83096e-05 6.91164 3.1272 -18.0868 15.0188 0 12 0.1
1
 18 0 0 0 0 0 0
 0 0.02 13.5052 0 15.3895 1.67028 1.67028 1.83096e-05 1.83096e-05 6.91164 3.1272 -18.0868 15.0188 0 12 0.1
1
 8 0 0 0 0 0 0
 0 0.02 15.2664 15.3257 14.1446 12.1 4.57581 1268.92 1268.92 3.51113 5.2067 -2.62499 -5.64177 0 0 0
1
 18 0 0 0 0 0 0
 0 0.02 15.2664 0 14.1446 1.52137 1.52137 1.88885e-05 1.88885e-05 6.91276 3.15874 -18.0938 14.947 0 12 0.1
1
 18 0 0 0 0 0 0
 0 0.02 15.2664 0 14.1446 1.52137 1.52137 1.88885e-05 1.88885e-05 6.91276 3.15874 -18.0938 14.947 0 12 0.1
1
 8 0 0 0 0 0 0
 0 0.02 16.1644 16.2312 13.6174 11.7808 4.35472 1234.68 1234.68 3.51088 5.18191 -2.63035 -5.57442 0 0 0
1
 18 0 0 0 0 0 0
 0 0.02 16.1644 0 13.6174 1.47052 1.47052 1.91038e-05 1.91038e-05 6.91317 3.17023 -18.0964 14.9208 0 12 0.1
1
 18 0 0 0 0 0 0
 0 0.02 16.1644 0 13.6174 1.47052 1.47052 1.91038e-05 1.91038e-05 6.91317 3.17023 -18.0964 14.9208 0 12 0.1
1
 8 0 0 0 0 0 0
 0 0.02 22.8654 22.9758 11.0033 10.4774 3.29819 918.418 918.418 3.52135 4.96678 -2.40847 -5.25847 0 0 0
1
 18 0 0 0 0 0 0
 0 0.02 22.8654 0 11.0033 1.29515 1.29515 1.99298e-05 1.99298e-05 6.91471 3.21312 -18.106 14.8232 0 12 0.1
1
 18 0 0 0 0 0 0
 0 0.02 22.8654 0 11.0033 1.29515 1.29515 1.99298e-05 1.99298e-05 6.91471 3.21312 -18.106 14.8232 0 12 0.1
1
 8 0 0 0 0 0 0
 0 0.02 23.3825 23.4973 10.862 10.355 3.2431 897.745 897.745 3.52204 4.94976 -2.39364 -5.23075 0 0 0
1
 18 0 0 0 0 0 0
 0 0.02 23.3825 0 10.862 1.28848 1.28848 1.99641e-05 1.99641e-05 6.91477 3.21487 -18.1064 14.8192 0 12 0.1
1
 18 0 0 0 0 0 0
 0 0.02 23.3825 0 10.862 1.28848 1.28848 1.99641e-05 1.99641e-05 6.91477 3.21487 -18.1064 14.8192 0 12 0.1
1
 8 0 0 0 0 0 0
 0 0.02 39.685 39.8523 8.19528 8.01632 2.24714 466.588 466.588 3.54447 4.47104 -1.90063 -4.52697 0 0 0
1
 18 0 0 0 0 0 0
 0 0.02 39.685 0 8.19528 1.19757 1.19757 2.0457e-05 2.0457e-05 6.91565 3.23958 -18.1119 14.7629 0 12 0.1
1
 18 0 0 0 0 0 0
 0 0.02 39.685 0 8.19528 1.19757 1.19757 2.0457e-05 2.0457e-05 6.91565 3.23958 -18.1119 14.7629 0 12 0.1
1
 8 0 0 0 0 0 0
 0 0.02 40.4319 40.5974 8.12074 7.94617 2.22059 470.338 470.338 3.54332 4.47341 -1.92597 -4.50756 0 0 0
1
 18 0 0 0 0 0 0
 0 0.02 40.4319 0 8.12074 1.19579 1.19579 2.04672e-05 2.04672e-05 6.91567 3.24009 -18.112 14.7618 0 12 0.1
1
 18 0 0 0 0 0 0
 0 0.02 40.4319 0 8.12074 1.19579 1.19579 2.04672e-05 2.04672e-05 6.91567 3.24009 -18.112 14.7618 0 12 0.1
1
 14 0 0 0 0 0 0
 0 0.02 53.9129 0 7.11721 1.30099 1.30099 0.00315465 0.00315465 5.41222 1.60206 -8.71549 9.46034 0 0 0
1
 14 0 0 0 0 0 0
 0 0.02 54.2256 0 7.098 1.29785 1.29785 0.00321864 0.00321864 5.40785 1.60206 -8.68824 9.43309 0 0 0
1
 14 0 0 0 0 0 0
 0 0.02 66.6911 0 6.45671 1.19962 1.19962 0.00486547 0.00486547 5.31813 1.60206 -8.12753 8.87238 0 0 0
1
 12 0 0 0 0 0 0
 0 0.02 78.4229 0 6.00956 1.13336 1.13336 0.00577251 0.00577251 5.28101 1.60206 -7.89558 8.64043 0 0 0
1
 12 0 0 0 0 0 0
 0 0.02 94.3998 0 5.54973 1.06727 1.06727 0.00660134 0.00660134 5.25187 1.60206 -7.71355 8.4584 0 0 0
