1
 19 0 0 0 0 0 0
 0 0.02 3.9213 0 67.4512 17.3915 17.3915 7.39139e-05 7.39139e-05 5.32681 -2 -8.1818 17.9318 0 0 0
1
 19 0 0 0 0 0 0
 0 0.02 3.9213 0 67.4512 17.3915 17.3915 7.39139e-05 7.39139e-05 5.32681 -2 -8.1818 17.9318 0 0 0
1
 19 0 0 0 0 0 0
 0 0.02 5.17192 0 39.825 9.43165 9.43165 4.00845e-05 4.00845e-05 5.45969 -2 -9.01217 18.7622 0 0 0
1
 19 0 0 0 0 0 0
 0 0.02 5.17192 0 39.825 9.43165 9.43165 4.00845e-05 4.00845e-05 5.45969 -2 -9.01217 18.7622 0 0 0
1
 8 0 0 0 0 0 0
 0 0.02 13.9969 14.0485 15.0095 12.6076 4.94398 1305.99 1305.99 3.51239 5.23676 -2.59872 -5.74318 0 0 0
1
 18 0 0 0 0 0 0
 0 0.02 13.9969 0 15.0095 1.62005 1.62005 1.84969e-05 1.84969e-05 6.91201 3.13752 -18.0891 14.9953 0 12 0.1
1
 18 0 0 0 0 0 0
 0 0.02 13.9969 0 15.0095 1.62005 1.62005 1.84969e-05 1.84969e-05 6.91201 3.13752 -18.0891 14.9953 0 12 0.1
1
 8 0 0 0 0 0 0
 0 0.02 20.6617 20.7629 11.6777 11.06 3.56412 1009.6 1009.6 3.51895 5.03939 -2.46005 -5.38843 0 0 0
1
 18 0 0 0 0 0 0
 0 0.02 20.6617 0 11.6777 1.33036 1.33036 1.97524e-05 1.97524e-05 6.91438 3.20406 -18.104 14.8438 0 12 0.1
1
 18 0 0 0 0 0 0
 0 0.02 20.6617 0 11.6777 1.33036 1.33036 1.97524e-05 1.97524e-05 6.91438 3.20406 -18.104 14.8438 0 12 0.1
1
 8 0 0 0 0 0 0
 0 0.02 29.5094 29.6541 9.54724 9.22492 2.74127 688.211 688.211 3.53129 4.75589 -2.19194 -4.94777 0 0 0
1
 18 0 0 0 0 0 0
 0 0.02 29.5094 0 9.54724 1.23629 1.23629 2.02412e-05 2.02412e-05 6.91527 3.22883 -18.1095 14.7874 0 12 0.1
1
 18 0 0 0 0 0 0
 0 0.02 29.5094 0 9.54724 1.23629 1.23629 2.02412e-05 2.02412e-05 6.91527 3.22883 -18.1095 14.7874 0 12 0.1
1
 8 0 0 0 0 0 0
 0 0.02 43.1647 43.3093 7.86892 7.70356 2.13148 514.242 514.242 3.53528 4.51874 -2.10398 -4.44287 0 0 0
1
 18 0 0 0 0 0 0
 0 0.02 43.1647 0 7.86892 1.19 1.19 2.05003e-05 2.05003e-05 6.91573 3.24173 -18.1124 14.7581 0 12 0.1
1
 18 0 0 0 0 0 0
 0 0.02 43.1647 0 7.86892 1.19 1.19 2.05003e-05 2.05003e-05 6.91573 3.24173 -18.1124 14.7581 0 12 0.1
1
 14 0 0 0 0 0 0
 0 0.02 54.5739 0 7.07703 1.2948 1.2948 0.00327992 0.00327992 5.40376 1.60206 -8.66265 9.4075 0 0 0
1
 14 0 0 0 0 0 0
 0 0.02 56.5655 0 6.96096 1.27684 1.27684 0.0036218 0.0036218 5.38223 1.60206 -8.5281 9.27295 0 0 0
