1
 19 0 0 0 0 0 0
 0 0.02 5.85655 0 33.4266 11.7858 11.7858 5.00897e-05 5.00897e-05 5.4113 -2 -8.70978 18.4598 0 0 0
1
 19 0 0 0 0 0 0
 0 0.02 5.85655 0 33.4266 11.7858 11.7858 5.00897e-05 5.00897e-05 5.4113 -2 -8.70978 18.4598 0 0 0
1
 8 0 0 0 0 0 0
 0 0.02 6.02324 6.10084 32.218 13.4525 13.3871 43.6216 2006.37 3.54794 5.75189 -1.82391 -7.80582 0 0 0
1
 19 0 0 0 0 0 0
 0 0.02 6.02324 0 32.218 10.7763 10.7763 4.57991e-05 4.57991e-05 5.43075 -2 -8.83131 18.5813 0 0 0
1
 19 0 0 0 0 0 0
 0 0.02 6.02324 0 32.218 10.7763 10.7763 4.57991e-05 4.57991e-05 5.43075 -2 -8.83131 18.5813 0 0 0
1
 8 0 0 0 0 0 0
 0 0.02 7.78029 7.8422 24.2294 15.6009 9.232 1778.66 1778.66 3.51211 5.50391 -2.60474 -6.40504 0 0 0
1
 19 0 0 0 0 0 0
 0 0.02 7.78029 0 24.2294 7.82474 7.82474 3.32551e-05 3.32551e-05 5.50025 -2 -9.26565 19.0157 0 0 0
1
 19 0 0 0 0 0 0
 0 0.02 7.78029 0 24.2294 7.82474 7.82474 3.32551e-05 3.32551e-05 5.50025 -2 -9.26565 19.0157 0 0 0
1
 8 0 0 0 0 0 0
 0 0.02 12.1128 12.1601 16.6494 13.4879 5.65981 1315.97 1315.97 3.51723 5.2627 -2.49676 -5.91 0 0 0
1
 18 0 0 0 0 0 0
 0 0.02 12.1128 0 16.6494 1.87315 1.87315 1.76232e-05 1.76232e-05 6.91025 3.08848 -18.0782 15.107 0 12 0.1
1
 18 0 0 0 0 0 0
 0 0.02 12.1128 0 16.6494 1.87315 1.87315 1.76232e-05 1.76232e-05 6.91025 3.08848 -18.0782 15.107 0 12 0.1
1
 8 0 0 0 0 0 0
 0 0.02 15.5057 15.5681 13.9973 12.0105 4.51378 1260.32 1260.32 3.51101 5.2003 -2.62758 -5.62316 0 0 0
1
 18 0 0 0 0 0 0
 0 0.02 15.5057 0 13.9973 1.50651 1.50651 1.89504e-05 1.89504e-05 6.91288 3.16206 -18.0946 14.9394 0 12 0.1
1
 18 0 0 0 0 0 0
 0 0.02 15.5057 0 13.9973 1.50651 1.50651 1.89504e-05 1.89504e-05 6.91288 3.16206 -18.0946 14.9394 0 12 0.1
1
 8 0 0 0 0 0 0
 0 0.02 20.4416 20.5418 11.7528 11.1219 3.59401 1018.95 1018.95 3.51876 5.04664 -2.46408 -5.40253 0 0 0
1
 18 0 0 0 0 0 0
 0 0.02 20.4416 0 11.7528 1.33465 1.33465 1.97312e-05 1.97312e-05 6.91434 3.20298 -18.1037 14.8463 0 12 0.1
1
 18 0 0 0 0 0 0
 0 0.02 20.4416 0 11.7528 1.33465 1.33465 1.97312e-05 1.97312e-05 6.91434 3.20298 -18.1037 14.8463 0 12 0.1
1
 8 0 0 0 0 0 0
 0 0.02 20.8326 20.9332 11.621 11.0039 3.54155 1002.62 1002.62 3.51906 5.0338 -2.45771 -5.3768 0 0 0
1
 18 0 0 0 0 0 0
 0 0.02 20.8326 0 11.621 1.32717 1.32717 1.97682e-05 1.97682e-05 6.91441 3.20487 -18.1041 14.842 0 12 0.1
1
 18 0 0 0 0 0 0
 0 0.02 20.8326 0 11.621 1.32717 1.32717 1.97682e-05 1.97682e-05 6.91441 3.20487 -18.1041 14.842 0 12 0.1
1
 8 0 0 0 0 0 0
 0 0.02 31.6857 31.8381 9.1935 8.91599 2.60973 628.298 628.298 3.53485 4.69102 -2.11346 -4.86409 0 0 0
1
 18 0 0 0 0 0 0
 0 0.02 31.6857 0 9.1935 1.22489 1.22489 2.03038e-05 2.03038e-05 6.91538 3.23196 -18.1102 14.7803 0 12 0.1
1
 18 0 0 0 0 0 0
 0 0.02 31.6857 0 9.1935 1.22489 1.22489 2.03038e-05 2.03038e-05 6.91538 3.23196 -18.1102 14.7803 0 12 0.1
1
 8 0 0 0 0 0 0
 0 0.02 36.0236 36.1903 8.60323 8.38912 2.39375 535.31 535.31 3.53891 4.56816 -2.02361 -4.64678 0 0 0
1
 18 0 0 0 0 0 0
 0 0.02 36.0236 0 8.60323 1.20793 1.20793 2.03984e-05 2.03984e-05 6.91555 3.23667 -18.1112 14.7696 0 12 0.1
1
 18 0 0 0 0 0 0
 0 0.02 36.0236 0 8.60323 1.20793 1.20793 2.03984e-05 2.03984e-05 6.91555 3.23667 -18.1112 14.7696 0 12 0.1
1
 8 0 0 0 0 0 0
 0 0.02 40.8891 41.0503 8.07674 7.90441 2.20496 477.703 477.703 3.54193 4.48133 -1.95682 -4.49651 0 0 0
1
 18 0 0 0 0 0 0
 0 0.02 40.8891 0 8.07674 1.19475 1.19475 2.04731e-05 2.04731e-05 6.91568 3.24038 -18.1121 14.7611 0 12 0.1
1
 18 0 0 0 0 0 0
 0 0.02 40.8891 0 8.07674 1.19475 1.19475 2.04731e-05 2.04731e-05 6.91568 3.24038 -18.1121 14.7611 0 12 0.1
1
 8 0 0 0 0 0 0
 0 0.02 42.0679 42.22 7.96679 7.80073 2.16601 496.64 496.64 3.53844 4.50112 -2.03414 -4.46866 0 0 0
1
 18 0 0 0 0 0 0
 0 0.02 42.0679 0 7.96679 1.1922 1.1922 2.04877e-05 2.04877e-05 6.9157 3.2411 -18.1122 14.7595 0 12 0.1
1
 18 0 0 0 0 0 0
 0 0.02 42.0679 0 7.96679 1.1922 1.1922 2.04877e-05 2.04877e-05 6.9157 3.2411 -18.1122 14.7595 0 12 0.1
1
 14 0 0 0 0 0 0
 0 0.02 50.2329 0 7.35646 1.33821 1.33821 0.00227804 0.00227804 5.48291 1.60206 -9.1573 9.90215 0 0 0
1
 14 0 0 0 0 0 0
 0 0.02 60.0869 0 6.7699 1.24715 1.24715 0.00413453 0.00413453 5.35348 1.60206 -8.34843 9.09328 0 0 0
1
 14 0 0 0 0 0 0
 0 0.02 68.7419 0 6.36974 1.18694 1.18694 0.00504721 0.00504721 5.31017 1.60206 -8.07777 8.82262 0 0 0
