1
 8 0 0 0 0 0 0
 0 0.02 6.15941 6.23507 31.33 13.0085 12.908 489.208 2022.73 3.54107 5.73147 -1.97578 -7.60289 0 0 0
1
 19 0 0 0 0 0 0
 0 0.02 6.15941 0 31.33 9.97122 9.97122 4.23777e-05 4.23777e-05 5.44761 -2 -8.93668 18.6867 0 0 0
1
 19 0 0 0 0 0 0
 0 0.02 6.15941 0 31.33 9.97122 9.97122 4.23777e-05 4.23777e-05 5.44761 -2 -8.93668 18.6867 0 0 0
1
 8 0 0 0 0 0 0
 0 0.02 12.2084 12.2549 16.5538 13.45 5.61748 1317.09 1317.09 3.51691 5.26218 -2.50345 -5.902 0 0 0
1
 18 0 0 0 0 0 0
 0 0.02 12.2084 0 16.5538 1.85556 1.85556 1.76787e-05 1.76787e-05 6.91037 3.09167 -18.0789 15.0997 0 12 0.1
1
 18 0 0 0 0 0 0
 0 0.02 12.2084 0 16.5538 1.85556 1.85556 1.76787e-05 1.76787e-05 6.91037 3.09167 -18.0789 15.0997 0 12 0.1
1
 8 0 0 0 0 0 0
 0 0.02 12.3766 12.4249 16.3865 13.3278 5.54353 1319.91 1319.91 3.51615 5.26099 -2.51964 -5.88284 0 0 0
1
 18 0 0 0 0 0 0
 0 0.02 12.3766 0 16.3865 1.8257 1.8257 1.77746e-05 1.77746e-05 6.91056 3.09715 -18.0801 15.0872 0 12 0.1
1
 18 0 0 0 0 0 0
 0 0.02 12.3766 0 16.3865 1.8257 1.8257 1.77746e-05 1.77746e-05 6.91056 3.09715 -18.0801 15.0872 0 12 0.1
1
 8 0 0 0 0 0 0
 0 0.02 18.5762 18.666 12.4592 11.6754 3.87815 1101.3 1101.3 3.51711 5.10753 -2.49933 -5.5195 0 0 0
1
 18 0 0 0 0 0 0
 0 0.02 18.5762 0 12.4592 1.37907 1.37907 1.9517e-05 1.9517e-05 6.91395 3.19192 -18.1013 14.8715 0 12 0.1
1
 18 0 0 0 0 0 0
 0 0.02 18.5762 0 12.4592 1.37907 1.37907 1.9517e-05 1.9517e-05 6.91395 3.19192 -18.1013 14.8715 0 12 0.1
1
 14 0 0 0 0 0 0
 0 0.02 50.8686 0 7.31298 1.3312 1.3312 0.00246507 0.00246507 5.46578 1.60206 -9.05023 9.79508 0 0 0
1
 14 0 0 0 0 0 0
 0 0.02 58.0313 0 6.87936 1.2642 1.2642 0.0038469 0.0038469 5.36914 1.60206 -8.44627 9.19112 0 0 0
1
 14 0 0 0 0 0 0
 0 0.02 68.7899 0 6.36763 1.18634 1.18634 0.00505576 0.00505576 5.3098 1.60206 -8.07547 8.82032 0 0 0
