1
 8 0 0 0 0 0 0
 0 0.02 6.4428 6.5152 29.6762 12.143 12.0266 896.286 2074.48 3.52399 5.68506 -2.35148 -7.11118 0 0 0
1
 19 0 0 0 0 0 0
 0 0.02 6.4428 0 29.6762 8.57307 8.57307 3.64356e-05 3.64356e-05 5.48041 -2 -9.1417 18.8917 0 0 0
1
 19 0 0 0 0 0 0
 0 0.02 6.4428 0 29.6762 8.57307 8.57307 3.64356e-05 3.64356e-05 5.48041 -2 -9.1417 18.8917 0 0 0
1
 8 0 0 0 0 0 0
 0 0.02 7.53966 7.60307 25.0027 15.6351 9.61812 1854.04 1854.04 3.5103 5.53274 -2.6423 -6.43955 0 0 0
1
 19 0 0 0 0 0 0
 0 0.02 7.53966 0 25.0027 8.24836 8.24836 3.50555e-05 3.50555e-05 5.4888 -2 -9.1941 18.9441 0 0 0
1
 19 0 0 0 0 0 0
 0 0.02 7.53966 0 25.0027 8.24836 8.24836 3.50555e-05 3.50555e-05 5.4888 -2 -9.1941 18.9441 0 0 0
1
 8 0 0 0 0 0 0
 0 0.02 8.19736 8.25685 23.0369 15.4822 8.64394 1662.8 1662.8 3.515 5.45697 -2.54399 -6.34844 0 0 0
1
 19 0 0 0 0 0 0
 0 0.02 8.19736 0 23.0369 7.16401 7.16401 3.0447e-05 3.0447e-05 5.5194 -2 -9.38538 19.1354 0 0 0
1
 19 0 0 0 0 0 0
 0 0.02 8.19736 0 23.0369 7.16401 7.16401 3.0447e-05 3.0447e-05 5.5194 -2 -9.38538 19.1354 0 0 0
1
 8 0 0 0 0 0 0
 0 0.02 11.159 11.2069 17.7122 13.9583 6.13543 1287.21 1287.21 3.52165 5.26121 -2.40191 -6.00112 0 0 0
1
 18 0 0 0 0 0 0
 0 0.02 11.159 0 17.7122 2.09763 2.09763 1.69707e-05 1.69707e-05 6.90889 3.05025 -18.0696 15.194 0 12 0.1
1
 18 0 0 0 0 0 0
 0 0.02 11.159 0 17.7122 2.09763 2.09763 1.69707e-05 1.69707e-05 6.90889 3.05025 -18.0696 15.194 0 12 0.1
1
 8 0 0 0 0 0 0
 0 0.02 18.0823 18.1688 12.6705 11.837 3.96414 1123.01 1123.01 3.51682 5.12333 -2.50551 -5.55281 0 0 0
1
 18 0 0 0 0 0 0
 0 0.02 18.0823 0 12.6705 1.3939 1.3939 1.94476e-05 1.94476e-05 6.91382 3.1883 -18.1004 14.8797 0 12 0.1
1
 18 0 0 0 0 0 0
 0 0.02 18.0823 0 12.6705 1.3939 1.3939 1.94476e-05 1.94476e-05 6.91382 3.1883 -18.1004 14.8797 0 12 0.1
1
 8 0 0 0 0 0 0
 0 0.02 19.9764 20.0724 11.9174 11.2596 3.65978 1039.31 1039.31 3.51831 5.062 -2.4738 -5.43121 0 0 0
1
 18 0 0 0 0 0 0
 0 0.02 19.9764 0 11.9174 1.34433 1.34433 1.96837e-05 1.96837e-05 6.91426 3.20053 -18.1032 14.8518 0 12 0.1
1
 18 0 0 0 0 0 0
 0 0.02 19.9764 0 11.9174 1.34433 1.34433 1.96837e-05 1.96837e-05 6.91426 3.20053 -18.1032 14.8518 0 12 0.1
1
 8 0 0 0 0 0 0
 0 0.02 24.924 25.0447 10.4754 10.0161 3.0935 839.505 839.505 3.52408 4.89968 -2.34937 -5.14982 0 0 0
1
 18 0 0 0 0 0 0
 0 0.02 24.924 0 10.4754 1.27136 1.27136 2.00533e-05 2.00533e-05 6.91493 3.21939 -18.1074 14.8089 0 12 0.1
1
 18 0 0 0 0 0 0
 0 0.02 24.924 0 10.4754 1.27136 1.27136 2.00533e-05 2.00533e-05 6.91493 3.21939 -18.1074 14.8089 0 12 0.1
1
 8 0 0 0 0 0 0
 0 0.02 25.6229 25.7471 10.3143 9.87977 3.03164 814.187 814.187 3.52512 4.87721 -2.32695 -5.11607 0 0 0
1
 18 0 0 0 0 0 0
 0 0.02 25.6229 0 10.3143 1.26469 1.26469 2.00885e-05 2.00885e-05 6.91499 3.22116 -18.1078 14.8049 0 12 0.1
1
 18 0 0 0 0 0 0
 0 0.02 25.6229 0 10.3143 1.26469 1.26469 2.00885e-05 2.00885e-05 6.91499 3.22116 -18.1078 14.8049 0 12 0.1
1
 8 0 0 0 0 0 0
 0 0.02 25.6577 25.7839 10.3061 9.87491 3.0285 812.69 812.69 3.52522 4.87604 -2.32463 -5.11547 0 0 0
1
 18 0 0 0 0 0 0
 0 0.02 25.6577 0 10.3061 1.26435 1.26435 2.00903e-05 2.00903e-05 6.915 3.22125 -18.1078 14.8047 0 12 0.1
1
 18 0 0 0 0 0 0
 0 0.02 25.6577 0 10.3061 1.26435 1.26435 2.00903e-05 2.00903e-05 6.915 3.22125 -18.1078 14.8047 0 12 0.1
1
 8 0 0 0 0 0 0
 0 0.02 31.6412 31.7936 9.20026 8.92365 2.61223 629.402 629.402 3.53479 4.69232 -2.1147 -4.8661 0 0 0
1
 18 0 0 0 0 0 0
 0 0.02 31.6412 0 9.20026 1.2251 1.2251 2.03026e-05 2.03026e-05 6.91538 3.23191 -18.1102 14.7804 0 12 0.1
1
 18 0 0 0 0 0 0
 0 0.02 31.6412 0 9.20026 1.2251 1.2251 2.03026e-05 2.03026e-05 6.91538 3.23191 -18.1102 14.7804 0 12 0.1
1
 8 0 0 0 0 0 0
 0 0.02 35.8706 36.0366 8.62191 8.4063 2.40052 538.276 538.276 3.53876 4.57235 -2.02695 -4.65393 0 0 0
1
 18 0 0 0 0 0 0
 0 0.02 35.8706 0 8.62191 1.20843 1.20843 2.03955e-05 2.03955e-05 6.91554 3.23653 -18.1112 14.7699 0 12 0.1
1
 18 0 0 0 0 0 0
 0 0.02 35.8706 0 8.62191 1.20843 1.20843 2.03955e-05 2.03955e-05 6.91554 3.23653 -18.1112 14.7699 0 12 0.1
1
 14 0 0 0 0 0 0
 0 0.02 61.8502 0 6.68105 1.23392 1.23392 0.0043473 0.0043473 5.34258 1.60206 -8.28033 9.02518 0 0 0
