1
 8 0 0 0 0 0 0
 0 0.02 14.2266 14.2792 14.8411 12.5242 4.8718 1300.08 1300.08 3.51216 5.23188 -2.60362 -5.72607 0 0 0
1
 18 0 0 0 0 0 0
 0 0.02 14.2266 0 14.8411 1.59921 1.59921 1.85769e-05 1.85769e-05 6.91216 3.14189 -18.0901 14.9854 0 12 0.1
1
 18 0 0 0 0 0 0
 0 0.02 14.2266 0 14.8411 1.59921 1.59921 1.85769e-05 1.85769e-05 6.91216 3.14189 -18.0901 14.9854 0 12 0.1
1
 8 0 0 0 0 0 0
 0 0.02 19.8226 19.9183 11.9731 11.2994 3.6821 1046.05 1046.05 3.51816 5.06704 -2.4769 -5.44069 0 0 0
1
 18 0 0 0 0 0 0
 0 0.02 19.8226 0 11.9731 1.3477 1.3477 1.96673e-05 1.96673e-05 6.91423 3.19969 -18.103 14.8538 0 12 0.1
1
 18 0 0 0 0 0 0
 0 0.02 19.8226 0 11.9731 1.3477 1.3477 1.96673e-05 1.96673e-05 6.91423 3.19969 -18.103 14.8538 0 12 0.1
1
 8 0 0 0 0 0 0
 0 0.02 20.5293 20.6281 11.7233 11.0964 3.58226 1015.5 1015.5 3.51879 5.04381 -2.46347 -5.39606 0 0 0
1
 18 0 0 0 0 0 0
 0 0.02 20.5293 0 11.7233 1.33295 1.33295 1.97396e-05 1.97396e-05 6.91436 3.2034 -18.1038 14.8453 0 12 0.1
1
 18 0 0 0 0 0 0
 0 0.02 20.5293 0 11.7233 1.33295 1.33295 1.97396e-05 1.97396e-05 6.91436 3.2034 -18.1038 14.8453 0 12 0.1
1
 8 0 0 0 0 0 0
 0 0.02 20.7391 20.8388 11.6523 11.037 3.55401 1006.38 1006.38 3.51902 5.0369 -2.45854 -5.38371 0 0 0
1
 18 0 0 0 0 0 0
 0 0.02 20.7391 0 11.6523 1.32893 1.32893 1.97595e-05 1.97595e-05 6.91439 3.20443 -18.104 14.843 0 12 0.1
1
 18 0 0 0 0 0 0
 0 0.02 20.7391 0 11.6523 1.32893 1.32893 1.97595e-05 1.97595e-05 6.91439 3.20443 -18.104 14.843 0 12 0.1
