1
 19 0 0 0 0 0 0
 0 0.02 4.57235 0 49.5585 9.4526 9.4526 4.01735e-05 4.01735e-05 5.45921 -2 -9.00916 18.7592 0 0 0
1
 19 0 0 0 0 0 0
 0 0.02 4.57235 0 49.5585 9.4526 9.4526 4.01735e-05 4.01735e-05 5.45921 -2 -9.00916 18.7592 0 0 0
1
 19 0 0 0 0 0 0
 0 0.02 5.62525 0 35.2676 12.8051 12.8051 5.44217e-05 5.44217e-05 5.39329 -2 -8.59722 18.3472 0 0 0
1
 19 0 0 0 0 0 0
 0 0.02 5.62525 0 35.2676 12.8051 12.8051 5.44217e-05 5.44217e-05 5.39329 -2 -8.59722 18.3472 0 0 0
1
 19 0 0 0 0 0 0
 0 0.02 5.78747 0 33.943 11.4819 11.4819 4.87979e-05 4.87979e-05 5.41698 -2 -8.74524 18.4952 0 0 0
1
 19 0 0 0 0 0 0
 0 0.02 5.78747 0 33.943 11.4819 11.4819 4.87979e-05 4.87979e-05 5.41698 -2 -8.74524 18.4952 0 0 0
1
 8 0 0 0 0 0 0
 0 0.02 18.4775 18.5665 12.5006 11.7043 3.89496 1105.72 1105.72 3.51703 5.11071 -2.50096 -5.52582 0 0 0
1
 18 0 0 0 0 0 0
 0 0.02 18.4775 0 12.5006 1.38191 1.38191 1.95036e-05 1.95036e-05 6.91392 3.19122 -18.1011 14.873 0 12 0.1
1
 18 0 0 0 0 0 0
 0 0.02 18.4775 0 12.5006 1.38191 1.38191 1.95036e-05 1.95036e-05 6.91392 3.19122 -18.1011 14.873 0 12 0.1
1
 8 0 0 0 0 0 0
 0 0.02 33.0533 33.2109 8.99255 8.73815 2.53571 596.557 596.557 3.53619 4.65136 -2.08384 -4.79455 0 0 0
1
 18 0 0 0 0 0 0
 0 0.02 33.0533 0 8.99255 1.21884 1.21884 2.03373e-05 2.03373e-05 6.91544 3.23364 -18.1106 14.7765 0 12 0.1
1
 18 0 0 0 0 0 0
 0 0.02 33.0533 0 8.99255 1.21884 1.21884 2.03373e-05 2.03373e-05 6.91544 3.23364 -18.1106 14.7765 0 12 0.1
1
 19 0 0 0 0 0 0
 0 0.02 3.85851 0 67.4659 16.6382 16.6382 7.07121e-05 7.07121e-05 5.33643 -2 -8.24189 17.9919 0 0 0
1
 19 0 0 0 0 0 0
 0 0.02 3.85851 0 67.4659 16.6382 16.6382 7.07121e-05 7.07121e-05 5.33643 -2 -8.24189 17.9919 0 0 0
1
 8 0 0 0 0 0 0
 0 0.02 8.06844 8.12865 23.3875 15.5301 8.81587 1696.62 1696.62 3.51416 5.4711 -2.56169 -6.36606 0 0 0
1
 19 0 0 0 0 0 0
 0 0.02 8.06844 0 23.3875 7.36065 7.36065 3.12827e-05 3.12827e-05 5.51352 -2 -9.34863 19.0986 0 0 0
1
 19 0 0 0 0 0 0
 0 0.02 8.06844 0 23.3875 7.36065 7.36065 3.12827e-05 3.12827e-05 5.51352 -2 -9.34863 19.0986 0 0 0
1
 8 0 0 0 0 0 0
 0 0.02 13.453 13.5016 15.4332 12.8548 5.12676 1315.59 1315.59 3.51339 5.24711 -2.57781 -5.78996 0 0 0
1
 18 0 0 0 0 0 0
 0 0.02 13.453 0 15.4332 1.67635 1.67635 1.82875e-05 1.82875e-05 6.91159 3.12598 -18.0865 15.0216 0 12 0.1
1
 18 0 0 0 0 0 0
 0 0.02 13.453 0 15.4332 1.67635 1.67635 1.82875e-05 1.82875e-05 6.91159 3.12598 -18.0865 15.0216 0 12 0.1
1
 8 0 0 0 0 0 0
 0 0.02 26.846 26.9762 10.0511 9.65899 2.93122 771.704 771.704 3.52704 4.83834 -2.2851 -5.06076 0 0 0
1
 18 0 0 0 0 0 0
 0 0.02 26.846 0 10.0511 1.25434 1.25434 2.01436e-05 2.01436e-05 6.91509 3.22394 -18.1084 14.7986 0 12 0.1
1
 18 0 0 0 0 0 0
 0 0.02 26.846 0 10.0511 1.25434 1.25434 2.01436e-05 2.01436e-05 6.91509 3.22394 -18.1084 14.7986 0 12 0.1
1
 8 0 0 0 0 0 0
 0 0.02 31.8552 32.0095 9.16757 8.89537 2.60015 623.838 623.838 3.53515 4.68602 -2.10689 -4.85816 0 0 0
1
 18 0 0 0 0 0 0
 0 0.02 31.8552 0 9.16757 1.22409 1.22409 2.03082e-05 2.03082e-05 6.91539 3.23218 -18.1102 14.7798 0 12 0.1
1
 18 0 0 0 0 0 0
 0 0.02 31.8552 0 9.16757 1.22409 1.22409 2.03082e-05 2.03082e-05 6.91539 3.23218 -18.1102 14.7798 0 12 0.1
1
 8 0 0 0 0 0 0
 0 0.02 36.8554 37.0243 8.50416 8.29926 2.35794 519.171 519.171 3.53991 4.54555 -2.00155 -4.61233 0 0 0
1
 18 0 0 0 0 0 0
 0 0.02 36.8554 0 8.50416 1.20532 1.20532 2.04131e-05 2.04131e-05 6.91557 3.2374 -18.1114 14.7679 0 12 0.1
1
 18 0 0 0 0 0 0
 0 0.02 36.8554 0 8.50416 1.20532 1.20532 2.04131e-05 2.04131e-05 6.91557 3.2374 -18.1114 14.7679 0 12 0.1
1
 8 0 0 0 0 0 0
 0 0.02 38.1532 38.3224 8.35746 8.16508 2.30516 494.133 494.133 3.54199 4.51095 -1.95547 -4.5719 0 0 0
1
 18 0 0 0 0 0 0
 0 0.02 38.1532 0 8.35746 1.20156 1.20156 2.04343e-05 2.04343e-05 6.91561 3.23846 -18.1116 14.7655 0 12 0.1
1
 18 0 0 0 0 0 0
 0 0.02 38.1532 0 8.35746 1.20156 1.20156 2.04343e-05 2.04343e-05 6.91561 3.23846 -18.1116 14.7655 0 12 0.1
1
 14 0 0 0 0 0 0
 0 0.02 49.0698 0 7.4381 1.35082 1.35082 0.00189907 0.00189907 5.52242 1.60206 -9.40424 10.1491 0 0 0
