1
 19 0 0 0 0 0 0
 0 0.02 4.90422 0 43.7503 7.46443 7.46443 3.17238e-05 3.17238e-05 5.51048 -2 -9.32963 19.0796 0 0 0
1
 19 0 0 0 0 0 0
 0 0.02 4.90422 0 43.7503 7.46443 7.46443 3.17238e-05 3.17238e-05 5.51048 -2 -9.32963 19.0796 0 0 0
1
 8 0 0 0 0 0 0
 0 0.02 6.69002 6.75996 28.4146 12.0202 11.3642 2187.51 2187.51 3.50304 5.64737 -2.7902 -6.57822 0 0 0
1
 19 0 0 0 0 0 0
 0 0.02 6.69002 0 28.4146 7.94342 7.94342 3.37595e-05 3.37595e-05 5.49698 -2 -9.24522 18.9952 0 0 0
1
 19 0 0 0 0 0 0
 0 0.02 6.69002 0 28.4146 7.94342 7.94342 3.37595e-05 3.37595e-05 5.49698 -2 -9.24522 18.9952 0 0 0
1
 8 0 0 0 0 0 0
 0 0.02 9.14715 9.20193 20.8497 15.0516 7.58948 1452.61 1452.61 3.52051 5.36164 -2.42651 -6.22761 0 0 0
1
 19 0 0 0 0 0 0
 0 0.02 9.14715 0 20.8497 5.68333 5.68333 2.41542e-05 2.41542e-05 5.56968 -2 -9.6996 19.4496 0 0 0
1
 19 0 0 0 0 0 0
 0 0.02 9.14715 0 20.8497 5.68333 5.68333 2.41542e-05 2.41542e-05 5.56968 -2 -9.6996 19.4496 0 0 0
1
 8 0 0 0 0 0 0
 0 0.02 18.5903 18.6799 12.4534 11.6723 3.87583 1100.56 1100.56 3.51714 5.10709 -2.49858 -5.51915 0 0 0
1
 18 0 0 0 0 0 0
 0 0.02 18.5903 0 12.4534 1.37868 1.37868 1.95189e-05 1.95189e-05 6.91395 3.19201 -18.1013 14.8712 0 12 0.1
1
 18 0 0 0 0 0 0
 0 0.02 18.5903 0 12.4534 1.37868 1.37868 1.95189e-05 1.95189e-05 6.91395 3.19201 -18.1013 14.8712 0 12 0.1
