1
 8 0 0 0 0 0 0
 0 0.02 13.4284 13.4778 15.4525 12.8405 5.13514 1317.12 1317.12 3.51324 5.24752 -2.58097 -5.78782 0 0 0
1
 18 0 0 0 0 0 0
 0 0.02 13.4284 0 15.4525 1.67905 1.67905 1.82777e-05 1.82777e-05 6.91157 3.12543 -18.0864 15.0228 0 12 0.1
1
 18 0 0 0 0 0 0
 0 0.02 13.4284 0 15.4525 1.67905 1.67905 1.82777e-05 1.82777e-05 6.91157 3.12543 -18.0864 15.0228 0 12 0.1
1
 8 0 0 0 0 0 0
 0 0.02 13.7697 13.8202 15.1819 12.6926 5.0182 1311.23 1311.23 3.51266 5.2413 -2.59313 -5.76012 0 0 0
1
 18 0 0 0 0 0 0
 0 0.02 13.7697 0 15.1819 1.64228 1.64228 1.84131e-05 1.84131e-05 6.91184 3.13291 -18.0881 15.0058 0 12 0.1
1
 18 0 0 0 0 0 0
 0 0.02 13.7697 0 15.1819 1.64228 1.64228 1.84131e-05 1.84131e-05 6.91184 3.13291 -18.0881 15.0058 0 12 0.1
1
 8 0 0 0 0 0 0
 0 0.02 29.0663 29.2084 9.62525 9.29524 2.77048 701.137 701.137 3.53062 4.76939 -2.20657 -4.9669 0 0 0
1
 18 0 0 0 0 0 0
 0 0.02 29.0663 0 9.62525 1.23894 1.23894 2.02267e-05 2.02267e-05 6.91524 3.22811 -18.1093 14.7891 0 12 0.1
1
 18 0 0 0 0 0 0
 0 0.02 29.0663 0 9.62525 1.23894 1.23894 2.02267e-05 2.02267e-05 6.91524 3.22811 -18.1093 14.7891 0 12 0.1
1
 8 0 0 0 0 0 0
 0 0.02 40.3837 40.5492 8.12547 7.95058 2.22227 469.55 469.55 3.54347 4.47256 -1.92262 -4.50878 0 0 0
1
 18 0 0 0 0 0 0
 0 0.02 40.3837 0 8.12547 1.1959 1.1959 2.04665e-05 2.04665e-05 6.91567 3.24005 -18.112 14.7619 0 12 0.1
1
 18 0 0 0 0 0 0
 0 0.02 40.3837 0 8.12547 1.1959 1.1959 2.04665e-05 2.04665e-05 6.91567 3.24005 -18.112 14.7619 0 12 0.1
1
 8 0 0 0 0 0 0
 0 0.02 40.5517 40.7165 8.10909 7.93484 2.21645 472.288 472.288 3.54295 4.47551 -1.93425 -4.50452 0 0 0
1
 18 0 0 0 0 0 0
 0 0.02 40.5517 0 8.10909 1.19551 1.19551 2.04688e-05 2.04688e-05 6.91567 3.24016 -18.112 14.7616 0 12 0.1
1
 18 0 0 0 0 0 0
 0 0.02 40.5517 0 8.10909 1.19551 1.19551 2.04688e-05 2.04688e-05 6.91567 3.24016 -18.112 14.7616 0 12 0.1
1
 14 0 0 0 0 0 0
 0 0.02 50.8328 0 7.31562 1.33212 1.33212 0.0024412 0.0024412 5.46789 1.60206 -9.06343 9.80828 0 0 0
1
 14 0 0 0 0 0 0
 0 0.02 53.1675 0 7.16322 1.3078 1.3078 0.00301172 0.00301172 5.42228 1.60206 -8.77842 9.52327 0 0 0
1
 14 0 0 0 0 0 0
 0 0.02 57.1318 0 6.92901 1.27152 1.27152 0.00371788 0.00371788 5.37654 1.60206 -8.49257 9.23742 0 0 0
1
 14 0 0 0 0 0 0
 0 0.02 66.6178 0 6.45989 1.2001 1.2001 0.00485847 0.00485847 5.31844 1.60206 -8.12948 8.87433 0 0 0
1
 14 0 0 0 0 0 0
 0 0.02 67.7485 0 6.41144 1.1932 1.1932 0.00495805 0.00495805 5.31404 1.60206 -8.10196 8.84681 0 0 0
1
 12 0 0 0 0 0 0
 0 0.02 71.1115 0 6.2742 1.17252 1.17252 0.00524861 0.00524861 5.30167 1.60206 -8.02468 8.76953 0 0 0
