1
 19 0 0 0 0 0 0
 0 0.02 5.11334 0 40.7303 7.51943 7.51943 3.19576e-05 3.19576e-05 5.50889 -2 -9.31967 19.0697 0 0 0
1
 19 0 0 0 0 0 0
 0 0.02 5.11334 0 40.7303 7.51943 7.51943 3.19576e-05 3.19576e-05 5.50889 -2 -9.31967 19.0697 0 0 0
1
 8 0 0 0 0 0 0
 0 0.02 11.7876 11.8356 16.9897 13.633 5.81111 1309.68 1309.68 3.51851 5.26365 -2.46949 -5.93965 0 0 0
1
 18 0 0 0 0 0 0
 0 0.02 11.7876 0 16.9897 1.93906 1.93906 1.74212e-05 1.74212e-05 6.90984 3.0768 -18.0756 15.1336 0 12 0.1
1
 18 0 0 0 0 0 0
 0 0.02 11.7876 0 16.9897 1.93906 1.93906 1.74212e-05 1.74212e-05 6.90984 3.0768 -18.0756 15.1336 0 12 0.1
1
 8 0 0 0 0 0 0
 0 0.02 18.4542 18.5455 12.5094 11.742 3.89853 1105.43 1105.43 3.51726 5.11138 -2.49615 -5.5323 0 0 0
1
 18 0 0 0 0 0 0
 0 0.02 18.4542 0 12.5094 1.38252 1.38252 1.95008e-05 1.95008e-05 6.91392 3.19107 -18.1011 14.8734 0 12 0.1
1
 18 0 0 0 0 0 0
 0 0.02 18.4542 0 12.5094 1.38252 1.38252 1.95008e-05 1.95008e-05 6.91392 3.19107 -18.1011 14.8734 0 12 0.1
1
 8 0 0 0 0 0 0
 0 0.02 18.5862 18.6758 12.4551 11.6723 3.8765 1100.78 1100.78 3.51713 5.10722 -2.49884 -5.51921 0 0 0
1
 18 0 0 0 0 0 0
 0 0.02 18.5862 0 12.4551 1.37879 1.37879 1.95184e-05 1.95184e-05 6.91395 3.19198 -18.1013 14.8713 0 12 0.1
1
 18 0 0 0 0 0 0
 0 0.02 18.5862 0 12.4551 1.37879 1.37879 1.95184e-05 1.95184e-05 6.91395 3.19198 -18.1013 14.8713 0 12 0.1
1
 8 0 0 0 0 0 0
 0 0.02 21.929 22.0369 11.2736 10.7179 3.4042 956.04 956.04 3.52032 4.99755 -2.43054 -5.31333 0 0 0
1
 18 0 0 0 0 0 0
 0 0.02 21.929 0 11.2736 1.30857 1.30857 1.98614e-05 1.98614e-05 6.91458 3.20964 -18.1052 14.8311 0 12 0.1
1
 18 0 0 0 0 0 0
 0 0.02 21.929 0 11.2736 1.30857 1.30857 1.98614e-05 1.98614e-05 6.91458 3.20964 -18.1052 14.8311 0 12 0.1
1
 8 0 0 0 0 0 0
 0 0.02 35.2669 35.4325 8.69678 8.47455 2.42768 549.967 549.967 3.53824 4.58895 -2.03837 -4.68401 0 0 0
1
 18 0 0 0 0 0 0
 0 0.02 35.2669 0 8.69678 1.21046 1.21046 2.03842e-05 2.03842e-05 6.91552 3.23597 -18.1111 14.7712 0 12 0.1
1
 18 0 0 0 0 0 0
 0 0.02 35.2669 0 8.69678 1.21046 1.21046 2.03842e-05 2.03842e-05 6.91552 3.23597 -18.1111 14.7712 0 12 0.1
1
 14 0 0 0 0 0 0
 0 0.02 47.8065 0 7.53078 1.36541 1.36541 0.00133915 0.00133915 5.59828 1.60206 -9.87832 10.6232 0 0 0
1
 14 0 0 0 0 0 0
 0 0.02 53.4189 0 7.14743 1.30525 1.30525 0.00306579 0.00306579 5.41842 1.60206 -8.75427 9.49912 0 0 0
1
 14 0 0 0 0 0 0
 0 0.02 65.5493 0 6.5073 1.20759 1.20759 0.0047488 0.0047488 5.3234 1.60206 -8.16047 8.90532 0 0 0
