1
 19 0 0 0 0 0 0
 0 0.02 4.39911 0 53.467 11.4824 11.4824 4.88003e-05 4.88003e-05 5.41696 -2 -8.74517 18.4952 0 0 0
1
 19 0 0 0 0 0 0
 0 0.02 4.39911 0 53.467 11.4824 11.4824 4.88003e-05 4.88003e-05 5.41696 -2 -8.74517 18.4952 0 0 0
1
 19 0 0 0 0 0 0
 0 0.02 5.27452 0 38.6136 10.6733 10.6733 4.53613e-05 4.53613e-05 5.43283 -2 -8.84434 18.5943 0 0 0
1
 19 0 0 0 0 0 0
 0 0.02 5.27452 0 38.6136 10.6733 10.6733 4.53613e-05 4.53613e-05 5.43283 -2 -8.84434 18.5943 0 0 0
1
 8 0 0 0 0 0 0
 0 0.02 6.27087 6.34514 30.6503 12.5936 12.544 13.3957 2015.65 3.53558 5.70646 -2.09723 -7.41891 0 0 0
1
 19 0 0 0 0 0 0
 0 0.02 6.27087 0 30.6503 9.3344 9.3344 3.96712e-05 3.96712e-05 5.46194 -2 -9.02624 18.7762 0 0 0
1
 19 0 0 0 0 0 0
 0 0.02 6.27087 0 30.6503 9.3344 9.3344 3.96712e-05 3.96712e-05 5.46194 -2 -9.02624 18.7762 0 0 0
1
 8 0 0 0 0 0 0
 0 0.02 8.51658 8.57435 22.2302 15.3557 8.25128 1585.01 1585.01 3.51699 5.42331 -2.50186 -6.30642 0 0 0
1
 19 0 0 0 0 0 0
 0 0.02 8.51658 0 22.2302 6.71549 6.71549 2.85408e-05 2.85408e-05 5.53344 -2 -9.47312 19.2231 0 0 0
1
 19 0 0 0 0 0 0
 0 0.02 8.51658 0 22.2302 6.71549 6.71549 2.85408e-05 2.85408e-05 5.53344 -2 -9.47312 19.2231 0 0 0
1
 8 0 0 0 0 0 0
 0 0.02 10.331 10.3815 18.8165 14.4246 6.63897 1259.53 1259.53 3.52596 5.25954 -2.30865 -6.09019 0 0 0
1
 19 0 0 0 0 0 0
 0 0.02 10.331 0 18.8165 3.77579 3.77579 1.60471e-05 1.60471e-05 5.65848 -2 -10.2546 20.0046 0 0 0
1
 19 0 0 0 0 0 0
 0 0.02 10.331 0 18.8165 3.77579 3.77579 1.60471e-05 1.60471e-05 5.65848 -2 -10.2546 20.0046 0 0 0
1
 8 0 0 0 0 0 0
 0 0.02 13.1878 13.2368 15.652 12.9476 5.22173 1319.76 1319.76 3.51378 5.25141 -2.56969 -5.80883 0 0 0
1
 18 0 0 0 0 0 0
 0 0.02 13.1878 0 15.652 1.70771 1.70771 1.81749e-05 1.81749e-05 6.91137 3.11972 -18.0851 15.0358 0 12 0.1
1
 18 0 0 0 0 0 0
 0 0.02 13.1878 0 15.652 1.70771 1.70771 1.81749e-05 1.81749e-05 6.91137 3.11972 -18.0851 15.0358 0 12 0.1
1
 8 0 0 0 0 0 0
 0 0.02 15.8845 15.9494 13.7749 11.8763 4.42048 1245.91 1245.91 3.5109 5.18986 -2.62992 -5.59474 0 0 0
1
 18 0 0 0 0 0 0
 0 0.02 15.8845 0 13.7749 1.48504 1.48504 1.90413e-05 1.90413e-05 6.91305 3.16691 -18.0957 14.9284 0 12 0.1
1
 18 0 0 0 0 0 0
 0 0.02 15.8845 0 13.7749 1.48504 1.48504 1.90413e-05 1.90413e-05 6.91305 3.16691 -18.0957 14.9284 0 12 0.1
1
 14 0 0 0 0 0 0
 0 0.02 46.7875 0 7.60876 1.37805 1.37805 0.00130231 0.00130231 5.60433 1.60206 -9.91618 10.661 0 0 0
