1
 8 0 0 0 0 0 0
 0 0.02 9.74709 9.79945 19.7431 14.7385 7.06845 1347.21 1347.21 3.52344 5.30793 -2.36334 -6.15647 0 0 0
1
 19 0 0 0 0 0 0
 0 0.02 9.74709 0 19.7431 4.58975 4.58975 1.95064e-05 1.95064e-05 5.61609 -2 -9.98963 19.7396 0 0 0
1
 19 0 0 0 0 0 0
 0 0.02 9.74709 0 19.7431 4.58975 4.58975 1.95064e-05 1.95064e-05 5.61609 -2 -9.98963 19.7396 0 0 0
1
 8 0 0 0 0 0 0
 0 0.02 10.0634 10.1146 19.2251 14.5618 6.82756 1298.36 1298.36 3.5248 5.28129 -2.33384 -6.11938 0 0 0
1
 19 0 0 0 0 0 0
 0 0.02 10.0634 0 19.2251 4.12207 4.12207 1.75188e-05 1.75188e-05 5.63942 -2 -10.1355 19.8855 0 0 0
1
 19 0 0 0 0 0 0
 0 0.02 10.0634 0 19.2251 4.12207 4.12207 1.75188e-05 1.75188e-05 5.63942 -2 -10.1355 19.8855 0 0 0
1
 8 0 0 0 0 0 0
 0 0.02 10.4384 10.4887 18.6596 14.3754 6.56685 1244.44 1244.44 3.52644 5.251 -2.29812 -6.07938 0 0 0
1
 19 0 0 0 0 0 0
 0 0.02 10.4384 0 18.6596 3.64826 3.64826 1.55051e-05 1.55051e-05 5.66594 -2 -10.3012 20.0512 0 0 0
1
 19 0 0 0 0 0 0
 0 0.02 10.4384 0 18.6596 3.64826 3.64826 1.55051e-05 1.55051e-05 5.66594 -2 -10.3012 20.0512 0 0 0
1
 8 0 0 0 0 0 0
 0 0.02 10.5095 10.559 18.5599 14.3203 6.52115 1247.47 1247.47 3.52597 5.25122 -2.30844 -6.06961 0 0 0
1
 19 0 0 0 0 0 0
 0 0.02 10.5095 0 18.5599 3.58335 3.58335 1.52292e-05 1.52292e-05 5.66984 -2 -10.3256 20.0756 0 0 0
1
 19 0 0 0 0 0 0
 0 0.02 10.5095 0 18.5599 3.58335 3.58335 1.52292e-05 1.52292e-05 5.66984 -2 -10.3256 20.0756 0 0 0
1
 8 0 0 0 0 0 0
 0 0.02 10.8945 10.9438 18.0427 14.1076 6.28515 1273.09 1273.09 3.52329 5.25819 -2.36648 -6.02901 0 0 0
1
 19 0 0 0 0 0 0
 0 0.02 10.8945 0 18.0427 3.28814 3.28814 1.39746e-05 1.39746e-05 5.68851 -2 -10.4422 20.1922 0 0 0
1
 19 0 0 0 0 0 0
 0 0.02 10.8945 0 18.0427 3.28814 3.28814 1.39746e-05 1.39746e-05 5.68851 -2 -10.4422 20.1922 0 0 0
1
 8 0 0 0 0 0 0
 0 0.02 11.3292 11.3774 17.5073 13.8947 6.04306 1293.97 1293.97 3.52084 5.2625 -2.41951 -5.98674 0 0 0
1
 18 0 0 0 0 0 0
 0 0.02 11.3292 0 17.5073 2.04993 2.04993 1.71013e-05 1.71013e-05 6.90917 3.05802 -18.0714 15.1763 0 12 0.1
1
 18 0 0 0 0 0 0
 0 0.02 11.3292 0 17.5073 2.04993 2.04993 1.71013e-05 1.71013e-05 6.90917 3.05802 -18.0714 15.1763 0 12 0.1
1
 8 0 0 0 0 0 0
 0 0.02 18.9896 19.081 12.2911 11.5495 3.8101 1082.78 1082.78 3.51746 5.09421 -2.49187 -5.49365 0 0 0
1
 18 0 0 0 0 0 0
 0 0.02 18.9896 0 12.2911 1.3678 1.3678 1.95705e-05 1.95705e-05 6.91405 3.19469 -18.1019 14.8652 0 12 0.1
1
 18 0 0 0 0 0 0
 0 0.02 18.9896 0 12.2911 1.3678 1.3678 1.95705e-05 1.95705e-05 6.91405 3.19469 -18.1019 14.8652 0 12 0.1
1
 8 0 0 0 0 0 0
 0 0.02 29.6152 29.7602 9.52897 9.20818 2.73444 685.158 685.158 3.53145 4.75268 -2.18832 -4.94339 0 0 0
1
 18 0 0 0 0 0 0
 0 0.02 29.6152 0 9.52897 1.23568 1.23568 2.02445e-05 2.02445e-05 6.91527 3.229 -18.1095 14.787 0 12 0.1
1
 18 0 0 0 0 0 0
 0 0.02 29.6152 0 9.52897 1.23568 1.23568 2.02445e-05 2.02445e-05 6.91527 3.229 -18.1095 14.787 0 12 0.1
1
 8 0 0 0 0 0 0
 0 0.02 36.5015 36.6708 8.54566 8.33659 2.37292 526.281 526.281 3.53934 4.5551 -2.01412 -4.62362 0 0 0
1
 18 0 0 0 0 0 0
 0 0.02 36.5015 0 8.54566 1.20641 1.20641 2.0407e-05 2.0407e-05 6.91556 3.2371 -18.1113 14.7686 0 12 0.1
1
 18 0 0 0 0 0 0
 0 0.02 36.5015 0 8.54566 1.20641 1.20641 2.0407e-05 2.0407e-05 6.91556 3.2371 -18.1113 14.7686 0 12 0.1
1
 14 0 0 0 0 0 0
 0 0.02 47.5338 0 7.55125 1.36853 1.36853 0.00130231 0.00130231 5.60433 1.60206 -9.91618 10.661 0 0 0
1
 14 0 0 0 0 0 0
 0 0.02 52.7533 0 7.18949 1.3121 1.3121 0.00291828 0.00291828 5.42913 1.60206 -8.82118 9.56603 0 0 0
