1
 19 0 0 0 0 0 0
 0 0.02 5.54289 0 35.9792 12.6434 12.6434 5.37345e-05 5.37345e-05 5.39605 -2 -8.61447 18.3645 0 0 0
1
 19 0 0 0 0 0 0
 0 0.02 5.54289 0 35.9792 12.6434 12.6434 5.37345e-05 5.37345e-05 5.39605 -2 -8.61447 18.3645 0 0 0
1
 8 0 0 0 0 0 0
 0 0.02 9.79579 9.84753 19.6614 14.7055 7.03032 1339.71 1339.71 3.52362 5.30379 -2.35945 -6.15002 0 0 0
1
 19 0 0 0 0 0 0
 0 0.02 9.79579 0 19.6614 4.51272 4.51272 1.91791e-05 1.91791e-05 5.61976 -2 -10.0126 19.7626 0 0 0
1
 19 0 0 0 0 0 0
 0 0.02 9.79579 0 19.6614 4.51272 4.51272 1.91791e-05 1.91791e-05 5.61976 -2 -10.0126 19.7626 0 0 0
1
 8 0 0 0 0 0 0
 0 0.02 14.9706 15.0294 14.3315 12.2088 4.65481 1279.19 1279.19 3.51128 5.21427 -2.62203 -5.66365 0 0 0
1
 18 0 0 0 0 0 0
 0 0.02 14.9706 0 14.3315 1.541 1.541 1.88079e-05 1.88079e-05 6.91261 3.15441 -18.0929 14.9568 0 12 0.1
1
 18 0 0 0 0 0 0
 0 0.02 14.9706 0 14.3315 1.541 1.541 1.88079e-05 1.88079e-05 6.91261 3.15441 -18.0929 14.9568 0 12 0.1
1
 8 0 0 0 0 0 0
 0 0.02 17.8246 17.91 12.7851 11.9446 4.01096 1133.5 1133.5 3.51683 5.13146 -2.50521 -5.57345 0 0 0
1
 18 0 0 0 0 0 0
 0 0.02 17.8246 0 12.7851 1.40227 1.40227 1.94088e-05 1.94088e-05 6.91375 3.18628 -18.1 14.8843 0 12 0.1
1
 18 0 0 0 0 0 0
 0 0.02 17.8246 0 12.7851 1.40227 1.40227 1.94088e-05 1.94088e-05 6.91375 3.18628 -18.1 14.8843 0 12 0.1
1
 8 0 0 0 0 0 0
 0 0.02 22.1338 22.2419 11.2127 10.6642 3.38026 947.738 947.738 3.52054 4.99082 -2.42599 -5.30106 0 0 0
1
 18 0 0 0 0 0 0
 0 0.02 22.1338 0 11.2127 1.30547 1.30547 1.98771e-05 1.98771e-05 6.91461 3.21044 -18.1054 14.8293 0 12 0.1
1
 18 0 0 0 0 0 0
 0 0.02 22.1338 0 11.2127 1.30547 1.30547 1.98771e-05 1.98771e-05 6.91461 3.21044 -18.1054 14.8293 0 12 0.1
1
 8 0 0 0 0 0 0
 0 0.02 37.0494 37.219 8.48159 8.27805 2.3498 515.284 515.284 3.54023 4.54032 -1.99439 -4.6064 0 0 0
1
 18 0 0 0 0 0 0
 0 0.02 37.0494 0 8.48159 1.20473 1.20473 2.04164e-05 2.04164e-05 6.91558 3.23757 -18.1114 14.7675 0 12 0.1
1
 18 0 0 0 0 0 0
 0 0.02 37.0494 0 8.48159 1.20473 1.20473 2.04164e-05 2.04164e-05 6.91558 3.23757 -18.1114 14.7675 0 12 0.1
1
 8 0 0 0 0 0 0
 0 0.02 46.3156 46.4361 7.64343 4.81477 1.38 1170.59 1170.59 3.4606 4.93452 -3.5184 -4.06789 0 0 0
1
 18 0 0 0 0 0 0
 0 0.02 46.3156 0 7.64343 1.18511 1.18511 2.05285e-05 2.05285e-05 6.91578 3.24312 -18.1127 14.7549 0 12 0.1
1
 18 0 0 0 0 0 0
 0 0.02 46.3156 0 7.64343 1.18511 1.18511 2.05285e-05 2.05285e-05 6.91578 3.24312 -18.1127 14.7549 0 12 0.1
1
 14 0 0 0 0 0 0
 0 0.02 47.2064 0 7.57648 1.37301 1.37301 0.00130231 0.00130231 5.60433 1.60206 -9.91618 10.661 0 0 0
1
 14 0 0 0 0 0 0
 0 0.02 48.1333 0 7.50673 1.36207 1.36207 0.00148552 0.00148552 5.57575 1.60206 -9.73755 10.4824 0 0 0
1
 14 0 0 0 0 0 0
 0 0.02 58.9582 0 6.82908 1.25607 1.25607 0.00398605 0.00398605 5.36142 1.60206 -8.39806 9.14291 0 0 0
1
 14 0 0 0 0 0 0
 0 0.02 65.1478 0 6.52992 1.22225 1.22225 0.00452848 0.00452848 5.33371 1.60206 -8.22493 8.96978 0 0 0
1
 14 0 0 0 0 0 0
 0 0.02 66.2364 0 6.47667 1.20264 1.20264 0.0048215 0.0048215 5.3201 1.60206 -8.13985 8.8847 0 0 0
