1
 19 0 0 0 0 0 0
 0 0.02 4.06109 0 63.893 15.344 15.344 6.52119e-05 6.52119e-05 5.35401 -2 -8.35177 18.1018 0 0 0
1
 19 0 0 0 0 0 0
 0 0.02 4.06109 0 63.893 15.344 15.344 6.52119e-05 6.52119e-05 5.35401 -2 -8.35177 18.1018 0 0 0
1
 19 0 0 0 0 0 0
 0 0.02 4.15684 0 60.3164 14.9807 14.9807 6.36678e-05 6.36678e-05 5.35922 -2 -8.38429 18.1343 0 0 0
1
 19 0 0 0 0 0 0
 0 0.02 4.15684 0 60.3164 14.9807 14.9807 6.36678e-05 6.36678e-05 5.35922 -2 -8.38429 18.1343 0 0 0
1
 8 0 0 0 0 0 0
 0 0.02 7.84206 7.90354 24.0419 15.5925 9.1389 1760.21 1760.21 3.51258 5.49673 -2.59491 -6.39692 0 0 0
1
 19 0 0 0 0 0 0
 0 0.02 7.84206 0 24.0419 7.72339 7.72339 3.28244e-05 3.28244e-05 5.50308 -2 -9.28335 19.0333 0 0 0
1
 19 0 0 0 0 0 0
 0 0.02 7.84206 0 24.0419 7.72339 7.72339 3.28244e-05 3.28244e-05 5.50308 -2 -9.28335 19.0333 0 0 0
1
 8 0 0 0 0 0 0
 0 0.02 9.25412 9.30841 20.6392 14.996 7.48968 1432.54 1432.54 3.52106 5.35174 -2.4148 -6.21455 0 0 0
1
 19 0 0 0 0 0 0
 0 0.02 9.25412 0 20.6392 5.46465 5.46465 2.32248e-05 2.32248e-05 5.5782 -2 -9.75285 19.5028 0 0 0
1
 19 0 0 0 0 0 0
 0 0.02 9.25412 0 20.6392 5.46465 5.46465 2.32248e-05 2.32248e-05 5.5782 -2 -9.75285 19.5028 0 0 0
1
 8 0 0 0 0 0 0
 0 0.02 25.2103 25.3326 10.4084 9.95683 3.06772 829.066 829.066 3.52449 4.89045 -2.34049 -5.13562 0 0 0
1
 18 0 0 0 0 0 0
 0 0.02 25.2103 0 10.4084 1.26855 1.26855 2.00681e-05 2.00681e-05 6.91496 3.22013 -18.1076 14.8072 0 12 0.1
1
 18 0 0 0 0 0 0
 0 0.02 25.2103 0 10.4084 1.26855 1.26855 2.00681e-05 2.00681e-05 6.91496 3.22013 -18.1076 14.8072 0 12 0.1
1
 8 0 0 0 0 0 0
 0 0.02 26.6652 26.7946 10.0886 9.69068 2.94547 777.794 777.794 3.52676 4.84405 -2.29123 -5.06888 0 0 0
1
 18 0 0 0 0 0 0
 0 0.02 26.6652 0 10.0886 1.25577 1.25577 2.0136e-05 2.0136e-05 6.91508 3.22355 -18.1083 14.7994 0 12 0.1
1
 18 0 0 0 0 0 0
 0 0.02 26.6652 0 10.0886 1.25577 1.25577 2.0136e-05 2.0136e-05 6.91508 3.22355 -18.1083 14.7994 0 12 0.1
1
 8 0 0 0 0 0 0
 0 0.02 27.7269 27.8615 9.87476 9.50938 2.8644 742.721 742.721 3.52845 4.81074 -2.25426 -5.02258 0 0 0
1
 18 0 0 0 0 0 0
 0 0.02 27.7269 0 9.87476 1.24777 1.24777 2.01789e-05 2.01789e-05 6.91515 3.22571 -18.1088 14.7945 0 12 0.1
1
 18 0 0 0 0 0 0
 0 0.02 27.7269 0 9.87476 1.24777 1.24777 2.01789e-05 2.01789e-05 6.91515 3.22571 -18.1088 14.7945 0 12 0.1
1
 14 0 0 0 0 0 0
 0 0.02 55.4524 0 7.02491 1.28649 1.28649 0.00344161 0.00344161 5.39331 1.60206 -8.59735 9.3422 0 0 0
1
 12 0 0 0 0 0 0
 0 0.02 82.2475 0 5.88939 1.12443 1.12443 0.00588803 0.00588803 5.27671 1.60206 -7.8687 8.61355 0 0 0
