1
 8 0 0 0 0 0 0
 0 0.02 6.26304 6.33737 30.6969 12.5811 12.5689 1.22697 2016.29 3.5163 5.62962 -2.5164 -6.80764 0 0 0
1
 19 0 0 0 0 0 0
 0 0.02 6.26304 0 30.6969 9.34787 9.34787 3.97284e-05 3.97284e-05 5.46163 -2 -9.02428 18.7743 0 0 0
1
 19 0 0 0 0 0 0
 0 0.02 6.26304 0 30.6969 9.34787 9.34787 3.97284e-05 3.97284e-05 5.46163 -2 -9.02428 18.7743 0 0 0
1
 19 0 0 0 0 0 0
 0 0.02 6.58336 0 28.9342 7.87048 7.87048 3.34495e-05 3.34495e-05 5.49898 -2 -9.25774 19.0077 0 0 0
1
 19 0 0 0 0 0 0
 0 0.02 6.58336 0 28.9342 7.87048 7.87048 3.34495e-05 3.34495e-05 5.49898 -2 -9.25774 19.0077 0 0 0
1
 8 0 0 0 0 0 0
 0 0.02 9.4989 9.55217 20.1797 14.866 7.27299 1388.85 1388.85 3.52225 5.32962 -2.38901 -6.18504 0 0 0
1
 19 0 0 0 0 0 0
 0 0.02 9.4989 0 20.1797 5.00429 5.00429 2.12682e-05 2.12682e-05 5.59731 -2 -9.87228 19.6223 0 0 0
1
 19 0 0 0 0 0 0
 0 0.02 9.4989 0 20.1797 5.00429 5.00429 2.12682e-05 2.12682e-05 5.59731 -2 -9.87228 19.6223 0 0 0
1
 8 0 0 0 0 0 0
 0 0.02 13.1761 13.2255 15.6615 12.9525 5.22588 1319.88 1319.88 3.5138 5.25158 -2.56917 -5.80978 0 0 0
1
 18 0 0 0 0 0 0
 0 0.02 13.1761 0 15.6615 1.70911 1.70911 1.81699e-05 1.81699e-05 6.91136 3.11944 -18.0851 15.0365 0 12 0.1
1
 18 0 0 0 0 0 0
 0 0.02 13.1761 0 15.6615 1.70911 1.70911 1.81699e-05 1.81699e-05 6.91136 3.11944 -18.0851 15.0365 0 12 0.1
1
 8 0 0 0 0 0 0
 0 0.02 37.5428 37.7111 8.42545 8.2266 2.32958 505.737 505.737 3.541 4.52716 -1.97733 -4.59056 0 0 0
1
 18 0 0 0 0 0 0
 0 0.02 37.5428 0 8.42545 1.20329 1.20329 2.04246e-05 2.04246e-05 6.91559 3.23797 -18.1115 14.7666 0 12 0.1
1
 18 0 0 0 0 0 0
 0 0.02 37.5428 0 8.42545 1.20329 1.20329 2.04246e-05 2.04246e-05 6.91559 3.23797 -18.1115 14.7666 0 12 0.1
1
 8 0 0 0 0 0 0
 0 0.02 44.5877 44.7218 7.7647 7.46904 1.38 676.153 676.153 3.51568 4.67812 -2.52956 -4.41573 0 0 0
1
 18 0 0 0 0 0 0
 0 0.02 44.5877 0 7.7647 1.1877 1.1877 2.05135e-05 2.05135e-05 6.91575 3.24238 -18.1125 14.7566 0 12 0.1
1
 18 0 0 0 0 0 0
 0 0.02 44.5877 0 7.7647 1.1877 1.1877 2.05135e-05 2.05135e-05 6.91575 3.24238 -18.1125 14.7566 0 12 0.1
1
 14 0 0 0 0 0 0
 0 0.02 51.0192 0 7.30288 1.32968 1.32968 0.00250384 0.00250384 5.46239 1.60206 -9.02905 9.7739 0 0 0
1
 14 0 0 0 0 0 0
 0 0.02 51.3927 0 7.27777 1.3256 1.3256 0.00260536 0.00260536 5.45376 1.60206 -8.97511 9.71996 0 0 0
1
 14 0 0 0 0 0 0
 0 0.02 55.6452 0 7.01361 1.28462 1.28462 0.00347711 0.00347711 5.39108 1.60206 -8.58342 9.32827 0 0 0
1
 12 0 0 0 0 0 0
 0 0.02 73.4736 0 6.18402 1.15915 1.15915 0.00543099 0.00543099 5.29425 1.60206 -7.97833 8.72318 0 0 0
1
 12 0 0 0 0 0 0
 0 0.02 77.9589 0 6.02524 1.13586 1.13586 0.00573996 0.00573996 5.28224 1.60206 -7.90325 8.6481 0 0 0
