1
 8 0 0 0 0 0 0
 0 0.02 7.31383 7.3788 25.7956 15.6226 10.0178 1932.04 1932.04 3.50844 5.5611 -2.68063 -6.47213 0 0 0
1
 19 0 0 0 0 0 0
 0 0.02 7.31383 0 25.7956 8.66914 8.66914 3.68438e-05 3.68438e-05 5.47799 -2 -9.12658 18.8766 0 0 0
1
 19 0 0 0 0 0 0
 0 0.02 7.31383 0 25.7956 8.66914 8.66914 3.68438e-05 3.68438e-05 5.47799 -2 -9.12658 18.8766 0 0 0
1
 8 0 0 0 0 0 0
 0 0.02 7.79117 7.85295 24.1963 15.5955 9.21553 1775.55 1775.55 3.51217 5.50265 -2.60339 -6.40323 0 0 0
1
 19 0 0 0 0 0 0
 0 0.02 7.79117 0 24.1963 7.80506 7.80506 3.31715e-05 3.31715e-05 5.50079 -2 -9.26907 19.0191 0 0 0
1
 19 0 0 0 0 0 0
 0 0.02 7.79117 0 24.1963 7.80506 7.80506 3.31715e-05 3.31715e-05 5.50079 -2 -9.26907 19.0191 0 0 0
1
 8 0 0 0 0 0 0
 0 0.02 8.66172 8.71851 21.8899 15.3079 8.08696 1551.53 1551.53 3.51795 5.40861 -2.4814 -6.29014 0 0 0
1
 19 0 0 0 0 0 0
 0 0.02 8.66172 0 21.8899 6.53268 6.53268 2.77639e-05 2.77639e-05 5.53944 -2 -9.51058 19.2606 0 0 0
1
 19 0 0 0 0 0 0
 0 0.02 8.66172 0 21.8899 6.53268 6.53268 2.77639e-05 2.77639e-05 5.53944 -2 -9.51058 19.2606 0 0 0
1
 8 0 0 0 0 0 0
 0 0.02 12.6274 12.6752 16.149 13.2073 5.43901 1321.75 1321.75 3.51527 5.25868 -2.53824 -5.85847 0 0 0
1
 18 0 0 0 0 0 0
 0 0.02 12.6274 0 16.149 1.7853 1.7853 1.79077e-05 1.79077e-05 6.91083 3.10471 -18.0818 15.07 0 12 0.1
1
 18 0 0 0 0 0 0
 0 0.02 12.6274 0 16.149 1.7853 1.7853 1.79077e-05 1.79077e-05 6.91083 3.10471 -18.0818 15.07 0 12 0.1
1
 8 0 0 0 0 0 0
 0 0.02 13.6831 13.7324 15.25 12.7412 5.04754 1312.41 1312.41 3.51288 5.24297 -2.5885 -5.76892 0 0 0
1
 18 0 0 0 0 0 0
 0 0.02 13.6831 0 15.25 1.65131 1.65131 1.83795e-05 1.83795e-05 6.91177 3.13106 -18.0877 15.01 0 12 0.1
1
 18 0 0 0 0 0 0
 0 0.02 13.6831 0 15.25 1.65131 1.65131 1.83795e-05 1.83795e-05 6.91177 3.13106 -18.0877 15.01 0 12 0.1
1
 8 0 0 0 0 0 0
 0 0.02 22.5092 22.6201 11.1032 10.5665 3.33727 932.506 932.506 3.52095 4.97842 -2.41699 -5.27905 0 0 0
1
 18 0 0 0 0 0 0
 0 0.02 22.5092 0 11.1032 1.30001 1.30001 1.99049e-05 1.99049e-05 6.91466 3.21186 -18.1057 14.8261 0 12 0.1
1
 18 0 0 0 0 0 0
 0 0.02 22.5092 0 11.1032 1.30001 1.30001 1.99049e-05 1.99049e-05 6.91466 3.21186 -18.1057 14.8261 0 12 0.1
1
 8 0 0 0 0 0 0
 0 0.02 38.8134 38.9821 8.28618 8.09965 2.27961 481.962 481.962 3.54308 4.49362 -1.93146 -4.5526 0 0 0
1
 18 0 0 0 0 0 0
 0 0.02 38.8134 0 8.28618 1.19979 1.19979 2.04444e-05 2.04444e-05 6.91563 3.23896 -18.1118 14.7644 0 12 0.1
1
 18 0 0 0 0 0 0
 0 0.02 38.8134 0 8.28618 1.19979 1.19979 2.04444e-05 2.04444e-05 6.91563 3.23896 -18.1118 14.7644 0 12 0.1
1
 8 0 0 0 0 0 0
 0 0.02 39.8376 40.0042 8.17977 8.00194 2.24161 464.022 464.022 3.54469 4.46713 -1.89578 -4.52204 0 0 0
1
 18 0 0 0 0 0 0
 0 0.02 39.8376 0 8.17977 1.1972 1.1972 2.04591e-05 2.04591e-05 6.91565 3.23969 -18.1119 14.7627 0 12 0.1
1
 18 0 0 0 0 0 0
 0 0.02 39.8376 0 8.17977 1.1972 1.1972 2.04591e-05 2.04591e-05 6.91565 3.23969 -18.1119 14.7627 0 12 0.1
1
 14 0 0 0 0 0 0
 0 0.02 46.9339 0 7.59745 1.37627 1.37627 0.00130231 0.00130231 5.60433 1.60206 -9.91618 10.661 0 0 0
1
 12 0 0 0 0 0 0
 0 0.02 77.2168 0 6.05052 1.13968 1.13968 0.0056899 0.0056899 5.28414 1.60206 -7.91514 8.65999 0 0 0
1
 12 0 0 0 0 0 0
 0 0.02 87.4448 0 5.73333 1.09345 1.09345 0.00627964 0.00627964 5.26272 1.60206 -7.78133 8.52618 0 0 0
