1
 8 0 0 0 0 0 0
 0 0.02 10.0796 10.1309 19.1994 14.583 6.81568 1294.93 1294.93 3.52504 5.27994 -2.32865 -6.1212 0 0 0
1
 19 0 0 0 0 0 0
 0 0.02 10.0796 0 19.1994 4.10522 4.10522 1.74472e-05 1.74472e-05 5.64031 -2 -10.141 19.891 0 0 0
1
 19 0 0 0 0 0 0
 0 0.02 10.0796 0 19.1994 4.10522 4.10522 1.74472e-05 1.74472e-05 5.64031 -2 -10.141 19.891 0 0 0
1
 8 0 0 0 0 0 0
 0 0.02 16.6899 16.7613 13.336 11.6051 4.23774 1212.29 1212.29 3.51099 5.16647 -2.62797 -5.53821 0 0 0
1
 18 0 0 0 0 0 0
 0 0.02 16.6899 0 13.336 1.44589 1.44589 1.92116e-05 1.92116e-05 6.91338 3.17593 -18.0977 14.9079 0 12 0.1
1
 18 0 0 0 0 0 0
 0 0.02 16.6899 0 13.336 1.44589 1.44589 1.92116e-05 1.92116e-05 6.91338 3.17593 -18.0977 14.9079 0 12 0.1
1
 8 0 0 0 0 0 0
 0 0.02 35.0094 35.1747 8.72941 8.50387 2.43954 555.133 555.133 3.538 4.59608 -2.04384 -4.69636 0 0 0
1
 18 0 0 0 0 0 0
 0 0.02 35.0094 0 8.72941 1.21135 1.21135 2.03791e-05 2.03791e-05 6.91551 3.23572 -18.111 14.7717 0 12 0.1
1
 18 0 0 0 0 0 0
 0 0.02 35.0094 0 8.72941 1.21135 1.21135 2.03791e-05 2.03791e-05 6.91551 3.23572 -18.111 14.7717 0 12 0.1
1
 8 0 0 0 0 0 0
 0 0.02 37.594 37.7643 8.41945 8.22203 2.32743 504.692 504.692 3.5411 4.52574 -1.97524 -4.58911 0 0 0
1
 18 0 0 0 0 0 0
 0 0.02 37.594 0 8.41945 1.20313 1.20313 2.04254e-05 2.04254e-05 6.91559 3.23802 -18.1115 14.7665 0 12 0.1
1
 18 0 0 0 0 0 0
 0 0.02 37.594 0 8.41945 1.20313 1.20313 2.04254e-05 2.04254e-05 6.91559 3.23802 -18.1115 14.7665 0 12 0.1
1
 14 0 0 0 0 0 0
 0 0.02 50.9 0 7.31089 1.33106 1.33106 0.00246853 0.00246853 5.46547 1.60206 -9.04832 9.79317 0 0 0
1
 12 0 0 0 0 0 0
 0 0.02 75.8664 0 6.09737 1.14624 1.14624 0.00560351 0.00560351 5.28746 1.60206 -7.9359 8.68075 0 0 0
1
 12 0 0 0 0 0 0
 0 0.02 84.5277 0 5.81745 1.10553 1.10553 0.00612847 0.00612847 5.26801 1.60206 -7.81439 8.55924 0 0 0
