1
 19 0 0 0 0 0 0
 0 0.02 4.1136 0 61.8478 15.2723 15.2723 6.49072e-05 6.49072e-05 5.35503 -2 -8.35812 18.1081 0 0 0
1
 19 0 0 0 0 0 0
 0 0.02 4.1136 0 61.8478 15.2723 15.2723 6.49072e-05 6.49072e-05 5.35503 -2 -8.35812 18.1081 0 0 0
1
 19 0 0 0 0 0 0
 0 0.02 5.45088 0 36.8258 12.769 12.769 5.42684e-05 5.42684e-05 5.3939 -2 -8.60105 18.351 0 0 0
1
 19 0 0 0 0 0 0
 0 0.02 5.45088 0 36.8258 12.769 12.769 5.42684e-05 5.42684e-05 5.3939 -2 -8.60105 18.351 0 0 0
1
 8 0 0 0 0 0 0
 0 0.02 7.41781 7.48196 25.4222 15.633 9.82906 1895.15 1895.15 3.50933 5.54789 -2.66247 -6.45724 0 0 0
1
 19 0 0 0 0 0 0
 0 0.02 7.41781 0 25.4222 8.47219 8.47219 3.60068e-05 3.60068e-05 5.48298 -2 -9.15776 18.9078 0 0 0
1
 19 0 0 0 0 0 0
 0 0.02 7.41781 0 25.4222 8.47219 8.47219 3.60068e-05 3.60068e-05 5.48298 -2 -9.15776 18.9078 0 0 0
1
 8 0 0 0 0 0 0
 0 0.02 9.01099 9.06616 21.1276 15.1167 7.72164 1479.59 1479.59 3.51973 5.37451 -2.44327 -6.24299 0 0 0
1
 19 0 0 0 0 0 0
 0 0.02 9.01099 0 21.1276 6.0361 6.0361 2.56534e-05 2.56534e-05 5.5566 -2 -9.61787 19.3679 0 0 0
1
 19 0 0 0 0 0 0
 0 0.02 9.01099 0 21.1276 6.0361 6.0361 2.56534e-05 2.56534e-05 5.5566 -2 -9.61787 19.3679 0 0 0
1
 8 0 0 0 0 0 0
 0 0.02 15.1265 15.1857 14.232 12.1686 4.61271 1273.41 1273.41 3.51127 5.21032 -2.62214 -5.65366 0 0 0
1
 18 0 0 0 0 0 0
 0 0.02 15.1265 0 14.232 1.53044 1.53044 1.88511e-05 1.88511e-05 6.91269 3.15674 -18.0934 14.9516 0 12 0.1
1
 18 0 0 0 0 0 0
 0 0.02 15.1265 0 14.232 1.53044 1.53044 1.88511e-05 1.88511e-05 6.91269 3.15674 -18.0934 14.9516 0 12 0.1
1
 8 0 0 0 0 0 0
 0 0.02 21.3444 21.4472 11.4549 10.8664 3.47573 980.89 980.89 3.51959 5.01692 -2.44621 -5.34608 0 0 0
1
 18 0 0 0 0 0 0
 0 0.02 21.3444 0 11.4549 1.31808 1.31808 1.98135e-05 1.98135e-05 6.91449 3.20719 -18.1047 14.8367 0 12 0.1
1
 18 0 0 0 0 0 0
 0 0.02 21.3444 0 11.4549 1.31808 1.31808 1.98135e-05 1.98135e-05 6.91449 3.20719 -18.1047 14.8367 0 12 0.1
1
 8 0 0 0 0 0 0
 0 0.02 22.9723 23.0833 10.9737 10.4515 3.28663 914.215 914.215 3.52147 4.96326 -2.40594 -5.25222 0 0 0
1
 18 0 0 0 0 0 0
 0 0.02 22.9723 0 10.9737 1.29373 1.29373 1.9937e-05 1.9937e-05 6.91472 3.21349 -18.1061 14.8223 0 12 0.1
1
 18 0 0 0 0 0 0
 0 0.02 22.9723 0 10.9737 1.29373 1.29373 1.9937e-05 1.9937e-05 6.91472 3.21349 -18.1061 14.8223 0 12 0.1
1
 8 0 0 0 0 0 0
 0 0.02 35.3099 35.4752 8.6914 8.46977 2.42573 549.143 549.143 3.53828 4.58777 -2.03769 -4.68173 0 0 0
1
 18 0 0 0 0 0 0
 0 0.02 35.3099 0 8.6914 1.21031 1.21031 2.0385e-05 2.0385e-05 6.91552 3.23601 -18.1111 14.7711 0 12 0.1
1
 18 0 0 0 0 0 0
 0 0.02 35.3099 0 8.6914 1.21031 1.21031 2.0385e-05 2.0385e-05 6.91552 3.23601 -18.1111 14.7711 0 12 0.1
1
 8 0 0 0 0 0 0
 0 0.02 44.6826 44.8151 7.75822 7.44788 1.38 692.39 692.39 3.51413 4.69251 -2.56237 -4.4189 0 0 0
1
 18 0 0 0 0 0 0
 0 0.02 44.6826 0 7.75822 1.18756 1.18756 2.05143e-05 2.05143e-05 6.91575 3.24242 -18.1125 14.7565 0 12 0.1
1
 18 0 0 0 0 0 0
 0 0.02 44.6826 0 7.75822 1.18756 1.18756 2.05143e-05 2.05143e-05 6.91575 3.24242 -18.1125 14.7565 0 12 0.1
1
 14 0 0 0 0 0 0
 0 0.02 50.9613 0 7.30654 1.33001 1.33001 0.00249529 0.00249529 5.46313 1.60206 -9.03369 9.77854 0 0 0
1
 14 0 0 0 0 0 0
 0 0.02 53.475 0 7.14393 1.30471 1.30471 0.00307732 0.00307732 5.4176 1.60206 -8.74917 9.49402 0 0 0
1
 14 0 0 0 0 0 0
 0 0.02 54.4066 0 7.08698 1.29604 1.29604 0.00325515 0.00325515 5.40541 1.60206 -8.67294 9.41779 0 0 0
1
 14 0 0 0 0 0 0
 0 0.02 56.4729 0 6.9662 1.27763 1.27763 0.00360732 0.00360732 5.3831 1.60206 -8.53353 9.27838 0 0 0
1
 14 0 0 0 0 0 0
 0 0.02 63.0847 0 6.62114 1.22472 1.22472 0.00449053 0.00449053 5.33554 1.60206 -8.23635 8.9812 0 0 0
1
 14 0 0 0 0 0 0
 0 0.02 65.1769 0 6.52388 1.20974 1.20974 0.00471694 0.00471694 5.32486 1.60206 -8.1696 8.91445 0 0 0
1
 12 0 0 0 0 0 0
 0 0.02 71.1479 0 6.27282 1.17234 1.17234 0.00525111 0.00525111 5.30157 1.60206 -8.02403 8.76888 0 0 0
1
 12 0 0 0 0 0 0
 0 0.02 74.8055 0 6.13526 1.1519 1.1519 0.00552824 0.00552824 5.2904 1.60206 -7.95425 8.6991 0 0 0
1
 12 0 0 0 0 0 0
 0 0.02 79.3713 0 5.97824 1.12898 1.12898 0.00582928 0.00582928 5.27888 1.60206 -7.8823 8.62715 0 0 0
1
 12 0 0 0 0 0 0
 0 0.02 87.8 0 5.72341 1.09208 1.09208 0.00629664 0.00629664 5.26214 1.60206 -7.77766 8.52251 0 0 0
