1
 19 0 0 0 0 0 0
 0 0.02 4.86735 0 44.3629 7.39113 7.39113 3.14123e-05 3.14123e-05 5.51263 -2 -9.34302 19.093 0 0 0
1
 19 0 0 0 0 0 0
 0 0.02 4.86735 0 44.3629 7.39113 7.39113 3.14123e-05 3.14123e-05 5.51263 -2 -9.34302 19.093 0 0 0
1
 8 0 0 0 0 0 0
 0 0.02 7.09976 7.16625 26.6167 15.554 10.4356 2011.85 2011.85 3.50671 5.58931 -2.71621 -6.50707 0 0 0
1
 19 0 0 0 0 0 0
 0 0.02 7.09976 0 26.6167 9.08338 9.08338 3.86044e-05 3.86044e-05 5.46786 -2 -9.06323 18.8132 0 0 0
1
 19 0 0 0 0 0 0
 0 0.02 7.09976 0 26.6167 9.08338 9.08338 3.86044e-05 3.86044e-05 5.46786 -2 -9.06323 18.8132 0 0 0
1
 8 0 0 0 0 0 0
 0 0.02 11.5603 11.6085 17.2405 13.7614 5.92325 1302.68 1302.68 3.51963 5.26348 -2.44554 -5.96315 0 0 0
1
 18 0 0 0 0 0 0
 0 0.02 11.5603 0 17.2405 1.99112 1.99112 1.72681e-05 1.72681e-05 6.90952 3.06785 -18.0736 15.1539 0 12 0.1
1
 18 0 0 0 0 0 0
 0 0.02 11.5603 0 17.2405 1.99112 1.99112 1.72681e-05 1.72681e-05 6.90952 3.06785 -18.0736 15.1539 0 12 0.1
1
 8 0 0 0 0 0 0
 0 0.02 17.1497 17.2235 13.105 11.4694 4.14227 1192.06 1192.06 3.51117 5.15259 -2.62421 -5.50726 0 0 0
1
 18 0 0 0 0 0 0
 0 0.02 17.1497 0 13.105 1.42689 1.42689 1.92965e-05 1.92965e-05 6.91354 3.1804 -18.0987 14.8977 0 12 0.1
1
 18 0 0 0 0 0 0
 0 0.02 17.1497 0 13.105 1.42689 1.42689 1.92965e-05 1.92965e-05 6.91354 3.1804 -18.0987 14.8977 0 12 0.1
1
 8 0 0 0 0 0 0
 0 0.02 22.8275 22.9385 11.0136 10.4908 3.30223 919.716 919.716 3.52135 4.968 -2.40852 -5.26147 0 0 0
1
 18 0 0 0 0 0 0
 0 0.02 22.8275 0 11.0136 1.29565 1.29565 1.99272e-05 1.99272e-05 6.9147 3.21299 -18.106 14.8235 0 12 0.1
1
 18 0 0 0 0 0 0
 0 0.02 22.8275 0 11.0136 1.29565 1.29565 1.99272e-05 1.99272e-05 6.9147 3.21299 -18.106 14.8235 0 12 0.1
1
 8 0 0 0 0 0 0
 0 0.02 31.8186 31.9734 9.173 8.89816 2.60216 624.823 624.823 3.53507 4.68707 -2.10865 -4.85903 0 0 0
1
 18 0 0 0 0 0 0
 0 0.02 31.8186 0 9.173 1.22426 1.22426 2.03073e-05 2.03073e-05 6.91538 3.23214 -18.1102 14.7799 0 12 0.1
1
 18 0 0 0 0 0 0
 0 0.02 31.8186 0 9.173 1.22426 1.22426 2.03073e-05 2.03073e-05 6.91538 3.23214 -18.1102 14.7799 0 12 0.1
1
 8 0 0 0 0 0 0
 0 0.02 32.5103 32.6666 9.07042 8.80778 2.56433 608.695 608.695 3.53572 4.66698 -2.09417 -4.82328 0 0 0
1
 18 0 0 0 0 0 0
 0 0.02 32.5103 0 9.07042 1.22115 1.22115 2.03245e-05 2.03245e-05 6.91542 3.233 -18.1104 14.7779 0 12 0.1
1
 18 0 0 0 0 0 0
 0 0.02 32.5103 0 9.07042 1.22115 1.22115 2.03245e-05 2.03245e-05 6.91542 3.233 -18.1104 14.7779 0 12 0.1
1
 14 0 0 0 0 0 0
 0 0.02 48.0065 0 7.51614 1.36347 1.36347 0.00142583 0.00142583 5.58466 1.60206 -9.7932 10.5381 0 0 0
1
 14 0 0 0 0 0 0
 0 0.02 70.2879 0 6.30689 1.17767 1.17767 0.00517731 0.00517731 5.30464 1.60206 -8.04324 8.78809 0 0 0
1
 12 0 0 0 0 0 0
 0 0.02 87.5629 0 5.73004 1.09306 1.09306 0.00628451 0.00628451 5.26256 1.60206 -7.78028 8.52513 0 0 0
