1
 8 0 0 0 0 0 0
 0 0.02 6.02863 6.10618 32.1814 13.4485 13.3673 154.573 2021.58 3.54662 5.75315 -1.85315 -7.77972 0 0 0
1
 19 0 0 0 0 0 0
 0 0.02 6.02863 0 32.1814 10.7533 10.7533 4.57015e-05 4.57015e-05 5.43121 -2 -8.83421 18.5842 0 0 0
1
 19 0 0 0 0 0 0
 0 0.02 6.02863 0 32.1814 10.7533 10.7533 4.57015e-05 4.57015e-05 5.43121 -2 -8.83421 18.5842 0 0 0
1
 8 0 0 0 0 0 0
 0 0.02 9.46735 9.52056 20.2376 14.8832 7.30021 1394.34 1394.34 3.5221 5.33244 -2.39225 -6.18886 0 0 0
1
 19 0 0 0 0 0 0
 0 0.02 9.46735 0 20.2376 5.06108 5.06108 2.15096e-05 2.15096e-05 5.59486 -2 -9.85697 19.607 0 0 0
1
 19 0 0 0 0 0 0
 0 0.02 9.46735 0 20.2376 5.06108 5.06108 2.15096e-05 2.15096e-05 5.59486 -2 -9.85697 19.607 0 0 0
1
 8 0 0 0 0 0 0
 0 0.02 15.8614 15.9258 13.7883 11.8842 4.4261 1246.68 1246.68 3.51093 5.19052 -2.62928 -5.59702 0 0 0
1
 18 0 0 0 0 0 0
 0 0.02 15.8614 0 13.7883 1.4863 1.4863 1.90359e-05 1.90359e-05 6.91304 3.16662 -18.0956 14.9291 0 12 0.1
1
 18 0 0 0 0 0 0
 0 0.02 15.8614 0 13.7883 1.4863 1.4863 1.90359e-05 1.90359e-05 6.91304 3.16662 -18.0956 14.9291 0 12 0.1
1
 8 0 0 0 0 0 0
 0 0.02 23.6625 23.7767 10.7887 10.2917 3.21461 886.919 886.919 3.5224 4.94066 -2.38584 -5.21581 0 0 0
1
 18 0 0 0 0 0 0
 0 0.02 23.6625 0 10.7887 1.28511 1.28511 1.99816e-05 1.99816e-05 6.9148 3.21575 -18.1066 14.8172 0 12 0.1
1
 18 0 0 0 0 0 0
 0 0.02 23.6625 0 10.7887 1.28511 1.28511 1.99816e-05 1.99816e-05 6.9148 3.21575 -18.1066 14.8172 0 12 0.1
1
 8 0 0 0 0 0 0
 0 0.02 28.0436 28.1798 9.81384 9.45777 2.8414 732.587 732.587 3.52897 4.80089 -2.24282 -5.00941 0 0 0
1
 18 0 0 0 0 0 0
 0 0.02 28.0436 0 9.81384 1.24556 1.24556 2.01908e-05 2.01908e-05 6.91518 3.22631 -18.1089 14.7932 0 12 0.1
1
 18 0 0 0 0 0 0
 0 0.02 28.0436 0 9.81384 1.24556 1.24556 2.01908e-05 2.01908e-05 6.91518 3.22631 -18.1089 14.7932 0 12 0.1
1
 8 0 0 0 0 0 0
 0 0.02 36.6382 36.807 8.52959 8.32185 2.36712 523.516 523.516 3.53956 4.55141 -2.00918 -4.61935 0 0 0
1
 18 0 0 0 0 0 0
 0 0.02 36.6382 0 8.52959 1.20598 1.20598 2.04093e-05 2.04093e-05 6.91557 3.23722 -18.1114 14.7683 0 12 0.1
1
 18 0 0 0 0 0 0
 0 0.02 36.6382 0 8.52959 1.20598 1.20598 2.04093e-05 2.04093e-05 6.91557 3.23722 -18.1114 14.7683 0 12 0.1
1
 8 0 0 0 0 0 0
 0 0.02 39.4212 39.59 8.22231 8.04087 2.25678 471.171 471.171 3.54404 4.47782 -1.91011 -4.53442 0 0 0
1
 18 0 0 0 0 0 0
 0 0.02 39.4212 0 8.22231 1.19822 1.19822 2.04533e-05 2.04533e-05 6.91564 3.2394 -18.1119 14.7634 0 12 0.1
1
 18 0 0 0 0 0 0
 0 0.02 39.4212 0 8.22231 1.19822 1.19822 2.04533e-05 2.04533e-05 6.91564 3.2394 -18.1119 14.7634 0 12 0.1
1
 14 0 0 0 0 0 0
 0 0.02 48.7546 0 7.46121 1.3549 1.3549 0.00176013 0.00176013 5.53892 1.60206 -9.50735 10.2522 0 0 0
1
 12 0 0 0 0 0 0
 0 0.02 82.5578 0 5.87703 1.11431 1.11431 0.00601736 0.00601736 5.27199 1.60206 -7.83922 8.58407 0 0 0
1
 12 0 0 0 0 0 0
 0 0.02 82.6644 0 5.87364 1.11362 1.11362 0.00602622 0.00602622 5.27167 1.60206 -7.83722 8.58207 0 0 0
1
 12 0 0 0 0 0 0
 0 0.02 85.8754 0 5.77809 1.10017 1.10017 0.00619573 0.00619573 5.26564 1.60206 -7.79958 8.54443 0 0 0
1
 19 0 0 0 0 0 0
 0 0.02 4.54417 0 50.0532 10.4929 10.4929 4.45949e-05 4.45949e-05 5.43653 -2 -8.86747 18.6175 0 0 0
1
 19 0 0 0 0 0 0
 0 0.02 4.54417 0 50.0532 10.4929 10.4929 4.45949e-05 4.45949e-05 5.43653 -2 -8.86747 18.6175 0 0 0
1
 8 0 0 0 0 0 0
 0 0.02 11.3257 11.3737 17.5117 13.9019 6.04503 1293.68 1293.68 3.52088 5.26248 -2.41857 -5.98762 0 0 0
1
 18 0 0 0 0 0 0
 0 0.02 11.3257 0 17.5117 2.05092 2.05092 1.70986e-05 1.70986e-05 6.90916 3.05786 -18.0713 15.1767 0 12 0.1
1
 18 0 0 0 0 0 0
 0 0.02 11.3257 0 17.5117 2.05092 2.05092 1.70986e-05 1.70986e-05 6.90916 3.05786 -18.0713 15.1767 0 12 0.1
1
 8 0 0 0 0 0 0
 0 0.02 18.8187 18.9094 12.3597 11.6073 3.83785 1090.37 1090.37 3.51732 5.09973 -2.49477 -5.50456 0 0 0
1
 18 0 0 0 0 0 0
 0 0.02 18.8187 0 12.3597 1.37235 1.37235 1.95489e-05 1.95489e-05 6.91401 3.19357 -18.1016 14.8677 0 12 0.1
1
 18 0 0 0 0 0 0
 0 0.02 18.8187 0 12.3597 1.37235 1.37235 1.95489e-05 1.95489e-05 6.91401 3.19357 -18.1016 14.8677 0 12 0.1
1
 8 0 0 0 0 0 0
 0 0.02 45.0854 45.2159 7.73018 7.35082 1.38 769.489 769.489 3.50653 4.75384 -2.7197 -4.4149 0 0 0
1
 18 0 0 0 0 0 0
 0 0.02 45.0854 0 7.73018 1.18696 1.18696 2.05178e-05 2.05178e-05 6.91576 3.24259 -18.1126 14.7561 0 12 0.1
1
 18 0 0 0 0 0 0
 0 0.02 45.0854 0 7.73018 1.18696 1.18696 2.05178e-05 2.05178e-05 6.91576 3.24259 -18.1126 14.7561 0 12 0.1
1
 8 0 0 0 0 0 0
 0 0.02 46.2529 46.3735 7.6479 5.44092 1.38 1084.59 1084.59 3.47492 4.92551 -3.30293 -4.26085 0 0 0
1
 18 0 0 0 0 0 0
 0 0.02 46.2529 0 7.6479 1.1852 1.1852 2.05279e-05 2.05279e-05 6.91578 3.24309 -18.1127 14.755 0 12 0.1
1
 18 0 0 0 0 0 0
 0 0.02 46.2529 0 7.6479 1.1852 1.1852 2.05279e-05 2.05279e-05 6.91578 3.24309 -18.1127 14.755 0 12 0.1
1
 14 0 0 0 0 0 0
 0 0.02 56.4737 0 6.96601 1.27727 1.27727 0.00361388 0.00361388 5.3827 1.60206 -8.53107 9.27592 0 0 0
1
 14 0 0 0 0 0 0
 0 0.02 56.6127 0 6.95823 1.27619 1.27619 0.00363358 0.00363358 5.38152 1.60206 -8.52369 9.26854 0 0 0
1
 14 0 0 0 0 0 0
 0 0.02 62.6933 0 6.63981 1.22729 1.22729 0.0044509 0.0044509 5.33747 1.60206 -8.24838 8.99323 0 0 0
1
 12 0 0 0 0 0 0
 0 0.02 86.7106 0 5.75404 1.09639 1.09639 0.00624303 0.00624303 5.26399 1.60206 -7.78927 8.53412 0 0 0
