1
 8 0 0 0 0 0 0
 0 0.02 8.45122 8.50924 22.389 15.3844 8.32823 1600.15 1600.15 3.51661 5.43007 -2.50981 -6.31536 0 0 0
1
 19 0 0 0 0 0 0
 0 0.02 8.45122 0 22.389 6.80402 6.80402 2.89171e-05 2.89171e-05 5.5306 -2 -9.45535 19.2053 0 0 0
1
 19 0 0 0 0 0 0
 0 0.02 8.45122 0 22.389 6.80402 6.80402 2.89171e-05 2.89171e-05 5.5306 -2 -9.45535 19.2053 0 0 0
1
 8 0 0 0 0 0 0
 0 0.02 9.36523 9.419 20.427 14.9378 7.38941 1412.33 1412.33 3.52161 5.34161 -2.40288 -6.20114 0 0 0
1
 19 0 0 0 0 0 0
 0 0.02 9.36523 0 20.427 5.24924 5.24924 2.23093e-05 2.23093e-05 5.58693 -2 -9.80743 19.5574 0 0 0
1
 19 0 0 0 0 0 0
 0 0.02 9.36523 0 20.427 5.24924 5.24924 2.23093e-05 2.23093e-05 5.58693 -2 -9.80743 19.5574 0 0 0
1
 8 0 0 0 0 0 0
 0 0.02 14.2344 14.2868 14.8357 12.524 4.86949 1300.08 1300.08 3.51212 5.23171 -2.60447 -5.72481 0 0 0
1
 18 0 0 0 0 0 0
 0 0.02 14.2344 0 14.8357 1.59856 1.59856 1.85795e-05 1.85795e-05 6.91217 3.14203 -18.0901 14.985 0 12 0.1
1
 18 0 0 0 0 0 0
 0 0.02 14.2344 0 14.8357 1.59856 1.59856 1.85795e-05 1.85795e-05 6.91217 3.14203 -18.0901 14.985 0 12 0.1
1
 8 0 0 0 0 0 0
 0 0.02 18.6587 18.7502 12.4245 11.6776 3.86408 1096.54 1096.54 3.51737 5.10484 -2.49365 -5.51845 0 0 0
1
 18 0 0 0 0 0 0
 0 0.02 18.6587 0 12.4245 1.3767 1.3767 1.95282e-05 1.95282e-05 6.91397 3.1925 -18.1014 14.8701 0 12 0.1
1
 18 0 0 0 0 0 0
 0 0.02 18.6587 0 12.4245 1.3767 1.3767 1.95282e-05 1.95282e-05 6.91397 3.1925 -18.1014 14.8701 0 12 0.1
1
 8 0 0 0 0 0 0
 0 0.02 19.8615 19.9569 11.9591 11.2933 3.67647 1044.27 1044.27 3.51821 5.06577 -2.47575 -5.43869 0 0 0
1
 18 0 0 0 0 0 0
 0 0.02 19.8615 0 11.9591 1.34684 1.34684 1.96715e-05 1.96715e-05 6.91423 3.1999 -18.103 14.8533 0 12 0.1
1
 18 0 0 0 0 0 0
 0 0.02 19.8615 0 11.9591 1.34684 1.34684 1.96715e-05 1.96715e-05 6.91423 3.1999 -18.103 14.8533 0 12 0.1
1
 8 0 0 0 0 0 0
 0 0.02 33.5904 33.7517 8.91738 8.67336 2.50815 584.703 584.703 3.5367 4.63596 -2.07257 -4.76734 0 0 0
1
 18 0 0 0 0 0 0
 0 0.02 33.5904 0 8.91738 1.21665 1.21665 2.03495e-05 2.03495e-05 6.91546 3.23424 -18.1107 14.7751 0 12 0.1
1
 18 0 0 0 0 0 0
 0 0.02 33.5904 0 8.91738 1.21665 1.21665 2.03495e-05 2.03495e-05 6.91546 3.23424 -18.1107 14.7751 0 12 0.1
1
 8 0 0 0 0 0 0
 0 0.02 33.8179 33.9799 8.88631 8.64586 2.49677 579.742 579.742 3.53694 4.62951 -2.06734 -4.75643 0 0 0
1
 18 0 0 0 0 0 0
 0 0.02 33.8179 0 8.88631 1.21576 1.21576 2.03545e-05 2.03545e-05 6.91547 3.23449 -18.1108 14.7745 0 12 0.1
1
 18 0 0 0 0 0 0
 0 0.02 33.8179 0 8.88631 1.21576 1.21576 2.03545e-05 2.03545e-05 6.91547 3.23449 -18.1108 14.7745 0 12 0.1
1
 14 0 0 0 0 0 0
 0 0.02 56.1253 0 6.98592 1.28048 1.28048 0.00355474 0.00355474 5.38629 1.60206 -8.55346 9.29831 0 0 0
1
 12 0 0 0 0 0 0
 0 0.02 83.2578 0 5.85555 1.11106 1.11106 0.00605865 0.00605865 5.2705 1.60206 -7.82994 8.57479 0 0 0
