1
 19 0 0 0 0 0 0
 0 0.02 5.08878 0 40.9775 8.0869 8.0869 3.43693e-05 3.43693e-05 5.49309 -2 -9.22093 18.9709 0 0 0
1
 19 0 0 0 0 0 0
 0 0.02 5.08878 0 40.9775 8.0869 8.0869 3.43693e-05 3.43693e-05 5.49309 -2 -9.22093 18.9709 0 0 0
1
 8 0 0 0 0 0 0
 0 0.02 6.28849 6.36254 30.5465 12.5909 12.4886 571.437 2014.72 3.53652 5.70981 -2.07648 -7.44805 0 0 0
1
 19 0 0 0 0 0 0
 0 0.02 6.28849 0 30.5465 9.28271 9.28271 3.94515e-05 3.94515e-05 5.46314 -2 -9.03377 18.7838 0 0 0
1
 19 0 0 0 0 0 0
 0 0.02 6.28849 0 30.5465 9.28271 9.28271 3.94515e-05 3.94515e-05 5.46314 -2 -9.03377 18.7838 0 0 0
1
 8 0 0 0 0 0 0
 0 0.02 7.07813 7.14479 26.7038 15.5281 10.4802 2020.31 2020.31 3.50653 5.59224 -2.71988 -6.51071 0 0 0
1
 19 0 0 0 0 0 0
 0 0.02 7.07813 0 26.7038 9.11756 9.11756 3.87496e-05 3.87496e-05 5.46704 -2 -9.05814 18.8081 0 0 0
1
 19 0 0 0 0 0 0
 0 0.02 7.07813 0 26.7038 9.11756 9.11756 3.87496e-05 3.87496e-05 5.46704 -2 -9.05814 18.8081 0 0 0
1
 8 0 0 0 0 0 0
 0 0.02 8.02891 8.08923 23.4984 15.5388 8.87042 1707.51 1707.51 3.51387 5.47551 -2.56773 -6.37105 0 0 0
1
 19 0 0 0 0 0 0
 0 0.02 8.02891 0 23.4984 7.42077 7.42077 3.15383e-05 3.15383e-05 5.51176 -2 -9.33759 19.0876 0 0 0
1
 19 0 0 0 0 0 0
 0 0.02 8.02891 0 23.4984 7.42077 7.42077 3.15383e-05 3.15383e-05 5.51176 -2 -9.33759 19.0876 0 0 0
1
 8 0 0 0 0 0 0
 0 0.02 11.8392 11.8865 16.9349 13.5973 5.78669 1311.29 1311.29 3.51822 5.26359 -2.47552 -5.93347 0 0 0
1
 18 0 0 0 0 0 0
 0 0.02 11.8392 0 16.9349 1.92809 1.92809 1.74542e-05 1.74542e-05 6.90991 3.07872 -18.076 15.1292 0 12 0.1
1
 18 0 0 0 0 0 0
 0 0.02 11.8392 0 16.9349 1.92809 1.92809 1.74542e-05 1.74542e-05 6.90991 3.07872 -18.076 15.1292 0 12 0.1
1
 8 0 0 0 0 0 0
 0 0.02 11.9898 12.0364 16.7768 13.5615 5.71632 1312.99 1312.99 3.51785 5.26322 -2.48348 -5.92458 0 0 0
1
 18 0 0 0 0 0 0
 0 0.02 11.9898 0 16.7768 1.8972 1.8972 1.75484e-05 1.75484e-05 6.9101 3.08417 -18.0772 15.1168 0 12 0.1
1
 18 0 0 0 0 0 0
 0 0.02 11.9898 0 16.7768 1.8972 1.8972 1.75484e-05 1.75484e-05 6.9101 3.08417 -18.0772 15.1168 0 12 0.1
1
 8 0 0 0 0 0 0
 0 0.02 13.3516 13.4003 15.5158 12.8829 5.16257 1317.62 1317.62 3.51348 5.24881 -2.57592 -5.79611 0 0 0
1
 18 0 0 0 0 0 0
 0 0.02 13.3516 0 15.5158 1.688 1.688 1.82453e-05 1.82453e-05 6.91151 3.12364 -18.086 15.0269 0 12 0.1
1
 18 0 0 0 0 0 0
 0 0.02 13.3516 0 15.5158 1.688 1.688 1.82453e-05 1.82453e-05 6.91151 3.12364 -18.086 15.0269 0 12 0.1
1
 8 0 0 0 0 0 0
 0 0.02 16.7432 16.8129 13.3096 11.5885 4.22679 1210.38 1210.38 3.51095 5.16494 -2.62881 -5.53354 0 0 0
1
 18 0 0 0 0 0 0
 0 0.02 16.7432 0 13.3096 1.44366 1.44366 1.92215e-05 1.92215e-05 6.9134 3.17645 -18.0978 14.9067 0 12 0.1
1
 18 0 0 0 0 0 0
 0 0.02 16.7432 0 13.3096 1.44366 1.44366 1.92215e-05 1.92215e-05 6.9134 3.17645 -18.0978 14.9067 0 12 0.1
1
 8 0 0 0 0 0 0
 0 0.02 21.299 21.4016 11.4694 10.8849 3.48144 982.531 982.531 3.51961 5.01841 -2.44595 -5.35008 0 0 0
1
 18 0 0 0 0 0 0
 0 0.02 21.299 0 11.4694 1.31886 1.31886 1.98096e-05 1.98096e-05 6.91449 3.207 -18.1046 14.8371 0 12 0.1
1
 18 0 0 0 0 0 0
 0 0.02 21.299 0 11.4694 1.31886 1.31886 1.98096e-05 1.98096e-05 6.91449 3.207 -18.1046 14.8371 0 12 0.1
1
 8 0 0 0 0 0 0
 0 0.02 41.3107 41.4688 8.0368 7.86776 2.19079 484.453 484.453 3.54068 4.48852 -1.98447 -4.48684 0 0 0
1
 18 0 0 0 0 0 0
 0 0.02 41.3107 0 8.0368 1.19382 1.19382 2.04784e-05 2.04784e-05 6.91569 3.24064 -18.1121 14.7605 0 12 0.1
1
 18 0 0 0 0 0 0
 0 0.02 41.3107 0 8.0368 1.19382 1.19382 2.04784e-05 2.04784e-05 6.91569 3.24064 -18.1121 14.7605 0 12 0.1
1
 8 0 0 0 0 0 0
 0 0.02 44.5134 44.6483 7.76979 7.48558 1.38 663.733 663.733 3.51687 4.66675 -2.50443 -4.41245 0 0 0
1
 18 0 0 0 0 0 0
 0 0.02 44.5134 0 7.76979 1.18781 1.18781 2.05129e-05 2.05129e-05 6.91575 3.24235 -18.1125 14.7566 0 12 0.1
1
 18 0 0 0 0 0 0
 0 0.02 44.5134 0 7.76979 1.18781 1.18781 2.05129e-05 2.05129e-05 6.91575 3.24235 -18.1125 14.7566 0 12 0.1
1
 8 0 0 0 0 0 0
 0 0.02 45.9424 46.066 7.66987 7.11267 1.38 959.791 959.791 3.49029 4.88082 -3.03592 -4.41613 0 0 0
1
 18 0 0 0 0 0 0
 0 0.02 45.9424 0 7.66987 1.18567 1.18567 2.05252e-05 2.05252e-05 6.91577 3.24296 -18.1126 14.7553 0 12 0.1
1
 18 0 0 0 0 0 0
 0 0.02 45.9424 0 7.66987 1.18567 1.18567 2.05252e-05 2.05252e-05 6.91577 3.24296 -18.1126 14.7553 0 12 0.1
1
 14 0 0 0 0 0 0
 0 0.02 57.0059 0 6.9359 1.27247 1.27247 0.00370079 0.00370079 5.37754 1.60206 -8.49882 9.24367 0 0 0
1
 14 0 0 0 0 0 0
 0 0.02 60.9507 0 6.72577 1.24042 1.24042 0.00424384 0.00424384 5.34781 1.60206 -8.31302 9.05787 0 0 0
1
 12 0 0 0 0 0 0
 0 0.02 74.8593 0 6.13341 1.15193 1.15193 0.00552786 0.00552786 5.29041 1.60206 -7.95434 8.69919 0 0 0
1
 12 0 0 0 0 0 0
 0 0.02 97.6986 0 5.47 1.05603 1.05603 0.00673737 0.00673737 5.24745 1.60206 -7.68588 8.43073 0 0 0
1
 12 0 0 0 0 0 0
 0 0.02 99.2922 0 5.43292 1.05057 1.05057 0.00680303 0.00680303 5.24534 1.60206 -7.67272 8.41757 0 0 0
