1
 19 0 0 0 0 0 0
 0 0.02 5.10306 0 40.8332 7.74701 7.74701 3.29248e-05 3.29248e-05 5.50241 -2 -9.2792 19.0292 0 0 0
1
 19 0 0 0 0 0 0
 0 0.02 5.10306 0 40.8332 7.74701 7.74701 3.29248e-05 3.29248e-05 5.50241 -2 -9.2792 19.0292 0 0 0
1
 8 0 0 0 0 0 0
 0 0.02 6.96169 7.02925 27.1866 14.6776 10.728 2068.73 2068.73 3.50538 5.60824 -2.74306 -6.52754 0 0 0
1
 19 0 0 0 0 0 0
 0 0.02 6.96169 0 27.1866 8.9112 8.9112 3.78726e-05 3.78726e-05 5.47201 -2 -9.0892 18.8392 0 0 0
1
 19 0 0 0 0 0 0
 0 0.02 6.96169 0 27.1866 8.9112 8.9112 3.78726e-05 3.78726e-05 5.47201 -2 -9.0892 18.8392 0 0 0
1
 8 0 0 0 0 0 0
 0 0.02 23.5333 23.647 10.8225 10.3241 3.22775 891.937 891.937 3.52223 4.94488 -2.38952 -5.22268 0 0 0
1
 18 0 0 0 0 0 0
 0 0.02 23.5333 0 10.8225 1.28666 1.28666 1.99735e-05 1.99735e-05 6.91478 3.21535 -18.1065 14.8181 0 12 0.1
1
 18 0 0 0 0 0 0
 0 0.02 23.5333 0 10.8225 1.28666 1.28666 1.99735e-05 1.99735e-05 6.91478 3.21535 -18.1065 14.8181 0 12 0.1
1
 19 0 0 0 0 0 0
 0 0.02 4.66531 0 47.6624 9.18134 9.18134 3.90207e-05 3.90207e-05 5.46553 -2 -9.04868 18.7987 0 0 0
1
 19 0 0 0 0 0 0
 0 0.02 4.66531 0 47.6624 9.18134 9.18134 3.90207e-05 3.90207e-05 5.46553 -2 -9.04868 18.7987 0 0 0
1
 8 0 0 0 0 0 0
 0 0.02 7.36827 7.43288 25.5979 15.6255 9.91778 1912.5 1912.5 3.50891 5.55414 -2.67104 -6.4643 0 0 0
1
 19 0 0 0 0 0 0
 0 0.02 7.36827 0 25.5979 8.56341 8.56341 3.63945e-05 3.63945e-05 5.48066 -2 -9.14323 18.8932 0 0 0
1
 19 0 0 0 0 0 0
 0 0.02 7.36827 0 25.5979 8.56341 8.56341 3.63945e-05 3.63945e-05 5.48066 -2 -9.14323 18.8932 0 0 0
1
 8 0 0 0 0 0 0
 0 0.02 11.0298 11.0784 17.8714 14.0275 6.20745 1280.78 1280.78 3.52241 5.2599 -2.38554 -6.01422 0 0 0
1
 18 0 0 0 0 0 0
 0 0.02 11.0298 0 17.8714 2.13629 2.13629 1.68677e-05 1.68677e-05 6.90867 3.04408 -18.0683 15.2081 0 12 0.1
1
 18 0 0 0 0 0 0
 0 0.02 11.0298 0 17.8714 2.13629 2.13629 1.68677e-05 1.68677e-05 6.90867 3.04408 -18.0683 15.2081 0 12 0.1
1
 8 0 0 0 0 0 0
 0 0.02 16.9188 16.9918 13.2192 11.5316 4.18941 1202.64 1202.64 3.51101 5.15959 -2.62768 -5.52129 0 0 0
1
 18 0 0 0 0 0 0
 0 0.02 16.9188 0 13.2192 1.43615 1.43615 1.92549e-05 1.92549e-05 6.91346 3.17822 -18.0982 14.9027 0 12 0.1
1
 18 0 0 0 0 0 0
 0 0.02 16.9188 0 13.2192 1.43615 1.43615 1.92549e-05 1.92549e-05 6.91346 3.17822 -18.0982 14.9027 0 12 0.1
1
 8 0 0 0 0 0 0
 0 0.02 17.7031 17.788 12.8403 11.977 4.03355 1139.21 1139.21 3.51669 5.13527 -2.50818 -5.58 0 0 0
1
 18 0 0 0 0 0 0
 0 0.02 17.7031 0 12.8403 1.40639 1.40639 1.93898e-05 1.93898e-05 6.91371 3.18529 -18.0998 14.8865 0 12 0.1
1
 18 0 0 0 0 0 0
 0 0.02 17.7031 0 12.8403 1.40639 1.40639 1.93898e-05 1.93898e-05 6.91371 3.18529 -18.0998 14.8865 0 12 0.1
1
 8 0 0 0 0 0 0
 0 0.02 21.3742 21.4781 11.4452 10.8614 3.47189 979.39 979.39 3.51967 5.0159 -2.44451 -5.34524 0 0 0
1
 18 0 0 0 0 0 0
 0 0.02 21.3742 0 11.4452 1.31756 1.31756 1.98161e-05 1.98161e-05 6.9145 3.20733 -18.1047 14.8364 0 12 0.1
1
 18 0 0 0 0 0 0
 0 0.02 21.3742 0 11.4452 1.31756 1.31756 1.98161e-05 1.98161e-05 6.9145 3.20733 -18.1047 14.8364 0 12 0.1
1
 8 0 0 0 0 0 0
 0 0.02 28.0601 28.1964 9.8107 9.45503 2.84022 732.094 732.094 3.52899 4.80038 -2.24241 -5.00854 0 0 0
1
 18 0 0 0 0 0 0
 0 0.02 28.0601 0 9.8107 1.24545 1.24545 2.01914e-05 2.01914e-05 6.91518 3.22634 -18.1089 14.7931 0 12 0.1
1
 18 0 0 0 0 0 0
 0 0.02 28.0601 0 9.8107 1.24545 1.24545 2.01914e-05 2.01914e-05 6.91518 3.22634 -18.1089 14.7931 0 12 0.1
1
 8 0 0 0 0 0 0
 0 0.02 34.7475 34.9106 8.76326 8.53466 2.45186 560.471 560.471 3.53775 4.60341 -2.04926 -4.70927 0 0 0
1
 18 0 0 0 0 0 0
 0 0.02 34.7475 0 8.76326 1.21229 1.21229 2.03739e-05 2.03739e-05 6.9155 3.23546 -18.111 14.7723 0 12 0.1
1
 18 0 0 0 0 0 0
 0 0.02 34.7475 0 8.76326 1.21229 1.21229 2.03739e-05 2.03739e-05 6.9155 3.23546 -18.111 14.7723 0 12 0.1
1
 14 0 0 0 0 0 0
 0 0.02 61.6574 0 6.69028 1.23487 1.23487 0.00433224 0.00433224 5.34333 1.60206 -8.28504 9.02989 0 0 0
1
 12 0 0 0 0 0 0
 0 0.02 71.4416 0 6.26133 1.17061 1.17061 0.00527488 0.00527488 5.30058 1.60206 -8.0179 8.76275 0 0 0
1
 12 0 0 0 0 0 0
 0 0.02 84.4702 0 5.81914 1.10575 1.10575 0.00612568 0.00612568 5.26811 1.60206 -7.81501 8.55986 0 0 0
