1
 19 0 0 0 0 0 0
 0 0.02 4.63419 0 48.3247 8.93596 8.93596 3.79778e-05 3.79778e-05 5.47141 -2 -9.08544 18.8354 0 0 0
1
 19 0 0 0 0 0 0
 0 0.02 4.63419 0 48.3247 8.93596 8.93596 3.79778e-05 3.79778e-05 5.47141 -2 -9.08544 18.8354 0 0 0
1
 8 0 0 0 0 0 0
 0 0.02 6.14899 6.2248 31.3955 13.0239 12.9432 174.314 2023.8 3.54116 5.73226 -1.97393 -7.60671 0 0 0
1
 19 0 0 0 0 0 0
 0 0.02 6.14899 0 31.3955 10.0161 10.0161 4.25684e-05 4.25684e-05 5.44663 -2 -8.93058 18.6806 0 0 0
1
 19 0 0 0 0 0 0
 0 0.02 6.14899 0 31.3955 10.0161 10.0161 4.25684e-05 4.25684e-05 5.44663 -2 -8.93058 18.6806 0 0 0
1
 8 0 0 0 0 0 0
 0 0.02 7.48729 7.55106 25.1805 15.6282 9.70736 1871.73 1871.73 3.50985 5.5392 -2.65156 -6.44643 0 0 0
1
 19 0 0 0 0 0 0
 0 0.02 7.48729 0 25.1805 8.34003 8.34003 3.54451e-05 3.54451e-05 5.4864 -2 -9.1791 18.9291 0 0 0
1
 19 0 0 0 0 0 0
 0 0.02 7.48729 0 25.1805 8.34003 8.34003 3.54451e-05 3.54451e-05 5.4864 -2 -9.1791 18.9291 0 0 0
1
 8 0 0 0 0 0 0
 0 0.02 7.79696 7.85874 24.1785 15.5943 9.20668 1773.81 1773.81 3.51221 5.50197 -2.6025 -6.40242 0 0 0
1
 19 0 0 0 0 0 0
 0 0.02 7.79696 0 24.1785 7.79527 7.79527 3.31299e-05 3.31299e-05 5.50107 -2 -9.27077 19.0208 0 0 0
1
 19 0 0 0 0 0 0
 0 0.02 7.79696 0 24.1785 7.79527 7.79527 3.31299e-05 3.31299e-05 5.50107 -2 -9.27077 19.0208 0 0 0
1
 8 0 0 0 0 0 0
 0 0.02 8.48032 8.53806 22.3183 15.371 8.29396 1593.37 1593.37 3.51678 5.42707 -2.50618 -6.3115 0 0 0
1
 19 0 0 0 0 0 0
 0 0.02 8.48032 0 22.3183 6.7643 6.7643 2.87483e-05 2.87483e-05 5.53187 -2 -9.46329 19.2133 0 0 0
1
 19 0 0 0 0 0 0
 0 0.02 8.48032 0 22.3183 6.7643 6.7643 2.87483e-05 2.87483e-05 5.53187 -2 -9.46329 19.2133 0 0 0
1
 8 0 0 0 0 0 0
 0 0.02 14.0621 14.115 14.9603 12.5691 4.92289 1305.43 1305.43 3.51214 5.23538 -2.60397 -5.73448 0 0 0
1
 18 0 0 0 0 0 0
 0 0.02 14.0621 0 14.9603 1.61388 1.61388 1.85205e-05 1.85205e-05 6.91205 3.13881 -18.0894 14.9924 0 12 0.1
1
 18 0 0 0 0 0 0
 0 0.02 14.0621 0 14.9603 1.61388 1.61388 1.85205e-05 1.85205e-05 6.91205 3.13881 -18.0894 14.9924 0 12 0.1
1
 8 0 0 0 0 0 0
 0 0.02 17.3604 17.4436 13.0003 12.0815 4.0992 1154.36 1154.36 3.51648 5.14592 -2.51255 -5.60225 0 0 0
1
 18 0 0 0 0 0 0
 0 0.02 17.3604 0 13.0003 1.41863 1.41863 1.93339e-05 1.93339e-05 6.91361 3.18236 -18.0991 14.8932 0 12 0.1
1
 18 0 0 0 0 0 0
 0 0.02 17.3604 0 13.0003 1.41863 1.41863 1.93339e-05 1.93339e-05 6.91361 3.18236 -18.0991 14.8932 0 12 0.1
1
 8 0 0 0 0 0 0
 0 0.02 23.0784 23.19 10.9445 10.426 3.27525 909.885 909.885 3.52163 4.95978 -2.4025 -5.24694 0 0 0
1
 18 0 0 0 0 0 0
 0 0.02 23.0784 0 10.9445 1.29235 1.29235 1.99442e-05 1.99442e-05 6.91473 3.21385 -18.1061 14.8215 0 12 0.1
1
 18 0 0 0 0 0 0
 0 0.02 23.0784 0 10.9445 1.29235 1.29235 1.99442e-05 1.99442e-05 6.91473 3.21385 -18.1061 14.8215 0 12 0.1
1
 8 0 0 0 0 0 0
 0 0.02 43.3859 43.5273 7.84982 7.68424 2.12476 517.778 517.778 3.53465 4.52218 -2.11787 -4.43758 0 0 0
1
 18 0 0 0 0 0 0
 0 0.02 43.3859 0 7.84982 1.18957 1.18957 2.05028e-05 2.05028e-05 6.91573 3.24185 -18.1124 14.7578 0 12 0.1
1
 18 0 0 0 0 0 0
 0 0.02 43.3859 0 7.84982 1.18957 1.18957 2.05028e-05 2.05028e-05 6.91573 3.24185 -18.1124 14.7578 0 12 0.1
1
 8 0 0 0 0 0 0
 0 0.02 43.5952 43.736 7.8317 7.66603 2.11839 521.159 521.159 3.53405 4.52544 -2.13106 -4.43254 0 0 0
1
 18 0 0 0 0 0 0
 0 0.02 43.5952 0 7.8317 1.18917 1.18917 2.05051e-05 2.05051e-05 6.91574 3.24196 -18.1124 14.7575 0 12 0.1
1
 18 0 0 0 0 0 0
 0 0.02 43.5952 0 7.8317 1.18917 1.18917 2.05051e-05 2.05051e-05 6.91574 3.24196 -18.1124 14.7575 0 12 0.1
1
 14 0 0 0 0 0 0
 0 0.02 51.6759 0 7.25914 1.32281 1.32281 0.00267268 0.00267268 5.44822 1.60206 -8.94049 9.68534 0 0 0
1
 12 0 0 0 0 0 0
 0 0.02 70.3547 0 6.30417 1.17696 1.17696 0.00518717 0.00518717 5.30423 1.60206 -8.04066 8.78551 0 0 0
1
 12 0 0 0 0 0 0
 0 0.02 77.1533 0 6.05256 1.13964 1.13964 0.00569043 0.00569043 5.28412 1.60206 -7.91501 8.65986 0 0 0
1
 12 0 0 0 0 0 0
 0 0.02 80.8983 0 5.92891 1.12179 1.12179 0.00592194 0.00592194 5.27546 1.60206 -7.86091 8.60576 0 0 0
1
 12 0 0 0 0 0 0
 0 0.02 94.9928 0 5.53508 1.06523 1.06523 0.00662609 0.00662609 5.25106 1.60206 -7.70847 8.45332 0 0 0
