1
 19 0 0 0 0 0 0
 0 0.02 4.42429 0 52.7478 12.079 12.079 5.13359e-05 5.13359e-05 5.40597 -2 -8.67643 18.4264 0 0 0
1
 19 0 0 0 0 0 0
 0 0.02 4.42429 0 52.7478 12.079 12.079 5.13359e-05 5.13359e-05 5.40597 -2 -8.67643 18.4264 0 0 0
1
 8 0 0 0 0 0 0
 0 0.02 7.76435 7.82634 24.2786 15.6073 9.25647 1783.34 1783.34 3.512 5.50578 -2.60687 -6.40758 0 0 0
1
 19 0 0 0 0 0 0
 0 0.02 7.76435 0 24.2786 7.85327 7.85327 3.33764e-05 3.33764e-05 5.49946 -2 -9.26071 19.0107 0 0 0
1
 19 0 0 0 0 0 0
 0 0.02 7.76435 0 24.2786 7.85327 7.85327 3.33764e-05 3.33764e-05 5.49946 -2 -9.26071 19.0107 0 0 0
1
 8 0 0 0 0 0 0
 0 0.02 13.5523 13.6017 15.3529 12.8116 5.092 1314.05 1314.05 3.51321 5.24535 -2.58168 -5.7817 0 0 0
1
 18 0 0 0 0 0 0
 0 0.02 13.5523 0 15.3529 1.66524 1.66524 1.83281e-05 1.83281e-05 6.91167 3.12822 -18.087 15.0165 0 12 0.1
1
 18 0 0 0 0 0 0
 0 0.02 13.5523 0 15.3529 1.66524 1.66524 1.83281e-05 1.83281e-05 6.91167 3.12822 -18.087 15.0165 0 12 0.1
1
 8 0 0 0 0 0 0
 0 0.02 15.8856 15.9506 13.7742 11.8759 4.4202 1245.87 1245.87 3.5109 5.18983 -2.62992 -5.59466 0 0 0
1
 18 0 0 0 0 0 0
 0 0.02 15.8856 0 13.7742 1.48497 1.48497 1.90416e-05 1.90416e-05 6.91306 3.16692 -18.0957 14.9284 0 12 0.1
1
 18 0 0 0 0 0 0
 0 0.02 15.8856 0 13.7742 1.48497 1.48497 1.90416e-05 1.90416e-05 6.91306 3.16692 -18.0957 14.9284 0 12 0.1
1
 8 0 0 0 0 0 0
 0 0.02 33.1414 33.3001 8.98 8.72679 2.5311 594.616 594.616 3.53626 4.64881 -2.08227 -4.78975 0 0 0
1
 18 0 0 0 0 0 0
 0 0.02 33.1414 0 8.98 1.21847 1.21847 2.03394e-05 2.03394e-05 6.91544 3.23374 -18.1106 14.7762 0 12 0.1
1
 18 0 0 0 0 0 0
 0 0.02 33.1414 0 8.98 1.21847 1.21847 2.03394e-05 2.03394e-05 6.91544 3.23374 -18.1106 14.7762 0 12 0.1
1
 8 0 0 0 0 0 0
 0 0.02 41.6854 41.8404 8.0019 7.83466 2.17843 490.496 490.496 3.53956 4.4948 -2.0093 -4.47771 0 0 0
1
 18 0 0 0 0 0 0
 0 0.02 41.6854 0 8.0019 1.19301 1.19301 2.04831e-05 2.04831e-05 6.9157 3.24087 -18.1122 14.76 0 12 0.1
1
 18 0 0 0 0 0 0
 0 0.02 41.6854 0 8.0019 1.19301 1.19301 2.04831e-05 2.04831e-05 6.9157 3.24087 -18.1122 14.76 0 12 0.1
1
 14 0 0 0 0 0 0
 0 0.02 48.9331 0 7.448 1.35246 1.35246 0.00184455 0.00184455 5.52875 1.60206 -9.44377 10.1886 0 0 0
1
 19 0 0 0 0 0 0
 0 0.02 5.67777 0 34.8273 12.7059 12.7059 5.40001e-05 5.40001e-05 5.39498 -2 -8.60777 18.3578 0 0 0
1
 19 0 0 0 0 0 0
 0 0.02 5.67777 0 34.8273 12.7059 12.7059 5.40001e-05 5.40001e-05 5.39498 -2 -8.60777 18.3578 0 0 0
1
 8 0 0 0 0 0 0
 0 0.02 6.18326 6.25865 31.1809 12.9563 12.8279 999.56 2020.18 3.54045 5.72788 -1.98958 -7.58011 0 0 0
1
 19 0 0 0 0 0 0
 0 0.02 6.18326 0 31.1809 9.85725 9.85725 4.18933e-05 4.18933e-05 5.4501 -2 -8.95228 18.7023 0 0 0
1
 19 0 0 0 0 0 0
 0 0.02 6.18326 0 31.1809 9.85725 9.85725 4.18933e-05 4.18933e-05 5.4501 -2 -8.95228 18.7023 0 0 0
1
 8 0 0 0 0 0 0
 0 0.02 9.79736 9.84911 19.6587 14.7047 7.02908 1339.45 1339.45 3.52363 5.30366 -2.35929 -6.14985 0 0 0
1
 19 0 0 0 0 0 0
 0 0.02 9.79736 0 19.6587 4.51029 4.51029 1.91687e-05 1.91687e-05 5.61988 -2 -10.0133 19.7633 0 0 0
1
 19 0 0 0 0 0 0
 0 0.02 9.79736 0 19.6587 4.51029 4.51029 1.91687e-05 1.91687e-05 5.61988 -2 -10.0133 19.7633 0 0 0
1
 8 0 0 0 0 0 0
 0 0.02 24.3725 24.4923 10.6082 10.1369 3.14468 859.696 859.696 3.52337 4.91747 -2.36482 -5.17886 0 0 0
1
 18 0 0 0 0 0 0
 0 0.02 24.3725 0 10.6082 1.27706 1.27706 2.00235e-05 2.00235e-05 6.91488 3.21788 -18.107 14.8124 0 12 0.1
1
 18 0 0 0 0 0 0
 0 0.02 24.3725 0 10.6082 1.27706 1.27706 2.00235e-05 2.00235e-05 6.91488 3.21788 -18.107 14.8124 0 12 0.1
1
 8 0 0 0 0 0 0
 0 0.02 28.7941 28.9347 9.67425 9.33326 2.78887 709.543 709.543 3.53012 4.77773 -2.21762 -4.97669 0 0 0
1
 18 0 0 0 0 0 0
 0 0.02 28.7941 0 9.67425 1.24063 1.24063 2.02175e-05 2.02175e-05 6.91522 3.22765 -18.1092 14.7901 0 12 0.1
1
 18 0 0 0 0 0 0
 0 0.02 28.7941 0 9.67425 1.24063 1.24063 2.02175e-05 2.02175e-05 6.91522 3.22765 -18.1092 14.7901 0 12 0.1
1
 8 0 0 0 0 0 0
 0 0.02 39.4367 39.6045 8.22082 8.03945 2.25625 470.949 470.949 3.54405 4.47744 -1.90991 -4.53369 0 0 0
1
 18 0 0 0 0 0 0
 0 0.02 39.4367 0 8.22082 1.19819 1.19819 2.04535e-05 2.04535e-05 6.91564 3.23941 -18.1119 14.7633 0 12 0.1
1
 18 0 0 0 0 0 0
 0 0.02 39.4367 0 8.22082 1.19819 1.19819 2.04535e-05 2.04535e-05 6.91564 3.23941 -18.1119 14.7633 0 12 0.1
1
 14 0 0 0 0 0 0
 0 0.02 48.6871 0 7.46564 1.35491 1.35491 0.00175954 0.00175954 5.53899 1.60206 -9.5078 10.2527 0 0 0
1
 14 0 0 0 0 0 0
 0 0.02 63.0565 0 6.62251 1.22503 1.22503 0.00448585 0.00448585 5.33577 1.60206 -8.23776 8.98261 0 0 0
