1
 8 0 0 0 0 0 0
 0 0.02 7.37875 7.44331 25.5603 15.6262 9.89876 1908.82 1908.82 3.50899 5.5528 -2.66931 -6.4627 0 0 0
1
 19 0 0 0 0 0 0
 0 0.02 7.37875 0 25.5603 8.54338 8.54338 3.63094e-05 3.63094e-05 5.48117 -2 -9.14641 18.8964 0 0 0
1
 19 0 0 0 0 0 0
 0 0.02 7.37875 0 25.5603 8.54338 8.54338 3.63094e-05 3.63094e-05 5.48117 -2 -9.14641 18.8964 0 0 0
1
 8 0 0 0 0 0 0
 0 0.02 8.81646 8.87268 21.5422 15.215 7.91986 1519.16 1519.16 3.51869 5.39327 -2.46555 -6.26761 0 0 0
1
 19 0 0 0 0 0 0
 0 0.02 8.81646 0 21.5422 6.33339 6.33339 2.69169e-05 2.69169e-05 5.54616 -2 -9.55262 19.3026 0 0 0
1
 19 0 0 0 0 0 0
 0 0.02 8.81646 0 21.5422 6.33339 6.33339 2.69169e-05 2.69169e-05 5.54616 -2 -9.55262 19.3026 0 0 0
1
 8 0 0 0 0 0 0
 0 0.02 10.6539 10.7035 18.3607 14.2713 6.43002 1256.79 1256.79 3.5251 5.25422 -2.3273 -6.05826 0 0 0
1
 19 0 0 0 0 0 0
 0 0.02 10.6539 0 18.3607 3.47278 3.47278 1.47593e-05 1.47593e-05 5.67664 -2 -10.3681 20.1181 0 0 0
1
 19 0 0 0 0 0 0
 0 0.02 10.6539 0 18.3607 3.47278 3.47278 1.47593e-05 1.47593e-05 5.67664 -2 -10.3681 20.1181 0 0 0
1
 8 0 0 0 0 0 0
 0 0.02 10.7409 10.7897 18.2447 14.1995 6.37709 1263.37 1263.37 3.52436 5.25579 -2.34341 -6.04606 0 0 0
1
 19 0 0 0 0 0 0
 0 0.02 10.7409 0 18.2447 3.40322 3.40322 1.44637e-05 1.44637e-05 5.68104 -2 -10.3956 20.1456 0 0 0
1
 19 0 0 0 0 0 0
 0 0.02 10.7409 0 18.2447 3.40322 3.40322 1.44637e-05 1.44637e-05 5.68104 -2 -10.3956 20.1456 0 0 0
1
 8 0 0 0 0 0 0
 0 0.02 13.5753 13.6245 15.3348 12.7849 5.08418 1314.37 1314.37 3.51305 5.24495 -2.58495 -5.77742 0 0 0
1
 18 0 0 0 0 0 0
 0 0.02 13.5753 0 15.3348 1.66276 1.66276 1.83372e-05 1.83372e-05 6.91169 3.12873 -18.0871 15.0153 0 12 0.1
1
 18 0 0 0 0 0 0
 0 0.02 13.5753 0 15.3348 1.66276 1.66276 1.83372e-05 1.83372e-05 6.91169 3.12873 -18.0871 15.0153 0 12 0.1
1
 8 0 0 0 0 0 0
 0 0.02 16.3493 16.4177 13.5163 11.7175 4.3126 1226.73 1226.73 3.51094 5.17655 -2.6291 -5.56227 0 0 0
1
 18 0 0 0 0 0 0
 0 0.02 16.3493 0 13.5163 1.46148 1.46148 1.91431e-05 1.91431e-05 6.91325 3.17231 -18.0969 14.9161 0 12 0.1
1
 18 0 0 0 0 0 0
 0 0.02 16.3493 0 13.5163 1.46148 1.46148 1.91431e-05 1.91431e-05 6.91325 3.17231 -18.0969 14.9161 0 12 0.1
1
 8 0 0 0 0 0 0
 0 0.02 17.2375 17.3126 13.0619 11.4318 4.12453 1188.44 1188.44 3.51115 5.14987 -2.62457 -5.5001 0 0 0
1
 18 0 0 0 0 0 0
 0 0.02 17.2375 0 13.0619 1.42346 1.42346 1.9312e-05 1.9312e-05 6.91357 3.18121 -18.0989 14.8958 0 12 0.1
1
 18 0 0 0 0 0 0
 0 0.02 17.2375 0 13.0619 1.42346 1.42346 1.9312e-05 1.9312e-05 6.91357 3.18121 -18.0989 14.8958 0 12 0.1
1
 8 0 0 0 0 0 0
 0 0.02 18.1307 18.2184 12.6489 11.8458 3.95533 1119.92 1119.92 3.51702 5.12176 -2.5011 -5.55331 0 0 0
1
 18 0 0 0 0 0 0
 0 0.02 18.1307 0 12.6489 1.39235 1.39235 1.94548e-05 1.94548e-05 6.91383 3.18868 -18.1005 14.8788 0 12 0.1
1
 18 0 0 0 0 0 0
 0 0.02 18.1307 0 12.6489 1.39235 1.39235 1.94548e-05 1.94548e-05 6.91383 3.18868 -18.1005 14.8788 0 12 0.1
1
 8 0 0 0 0 0 0
 0 0.02 24.3521 24.4697 10.6137 10.1417 3.14683 860.56 860.56 3.52334 4.9182 -2.36558 -5.17993 0 0 0
1
 18 0 0 0 0 0 0
 0 0.02 24.3521 0 10.6137 1.2773 1.2773 2.00222e-05 2.00222e-05 6.91487 3.21781 -18.107 14.8125 0 12 0.1
1
 18 0 0 0 0 0 0
 0 0.02 24.3521 0 10.6137 1.2773 1.2773 2.00222e-05 2.00222e-05 6.91487 3.21781 -18.107 14.8125 0 12 0.1
1
 8 0 0 0 0 0 0
 0 0.02 30.3507 30.4989 9.40502 9.10057 2.6882 664.149 664.149 3.53268 4.73054 -2.16132 -4.91502 0 0 0
1
 18 0 0 0 0 0 0
 0 0.02 30.3507 0 9.40502 1.23159 1.23159 2.02669e-05 2.02669e-05 6.91531 3.23012 -18.1098 14.7845 0 12 0.1
1
 18 0 0 0 0 0 0
 0 0.02 30.3507 0 9.40502 1.23159 1.23159 2.02669e-05 2.02669e-05 6.91531 3.23012 -18.1098 14.7845 0 12 0.1
1
 8 0 0 0 0 0 0
 0 0.02 44.4155 44.5508 7.77652 7.50684 1.38 646.707 646.707 3.51873 4.65165 -2.46463 -4.41449 0 0 0
1
 18 0 0 0 0 0 0
 0 0.02 44.4155 0 7.77652 1.18796 1.18796 2.0512e-05 2.0512e-05 6.91575 3.2423 -18.1125 14.7567 0 12 0.1
1
 18 0 0 0 0 0 0
 0 0.02 44.4155 0 7.77652 1.18796 1.18796 2.0512e-05 2.0512e-05 6.91575 3.2423 -18.1125 14.7567 0 12 0.1
1
 14 0 0 0 0 0 0
 0 0.02 61.2375 0 6.71129 1.23814 1.23814 0.00428024 0.00428024 5.34596 1.60206 -8.30143 9.04628 0 0 0
1
 14 0 0 0 0 0 0
 0 0.02 62.9181 0 6.62912 1.226 1.226 0.00447087 0.00447087 5.33649 1.60206 -8.2423 8.98715 0 0 0
1
 14 0 0 0 0 0 0
 0 0.02 66.3492 0 6.4717 1.2019 1.2019 0.00483228 0.00483228 5.31961 1.60206 -8.13682 8.88167 0 0 0
