1
 8 0 0 0 0 0 0
 0 0.02 7.73589 7.79809 24.367 15.6133 9.3004 1791.92 1791.92 3.5118 5.50913 -2.61118 -6.41164 0 0 0
1
 19 0 0 0 0 0 0
 0 0.02 7.73589 0 24.367 7.90218 7.90218 3.35843e-05 3.35843e-05 5.49811 -2 -9.25229 19.0023 0 0 0
1
 19 0 0 0 0 0 0
 0 0.02 7.73589 0 24.367 7.90218 7.90218 3.35843e-05 3.35843e-05 5.49811 -2 -9.25229 19.0023 0 0 0
1
 8 0 0 0 0 0 0
 0 0.02 9.28036 9.33451 20.5885 14.9828 7.46571 1427.7 1427.7 3.52119 5.34933 -2.41191 -6.21142 0 0 0
1
 19 0 0 0 0 0 0
 0 0.02 9.28036 0 20.5885 5.41288 5.41288 2.30047e-05 2.30047e-05 5.58027 -2 -9.76577 19.5158 0 0 0
1
 19 0 0 0 0 0 0
 0 0.02 9.28036 0 20.5885 5.41288 5.41288 2.30047e-05 2.30047e-05 5.58027 -2 -9.76577 19.5158 0 0 0
1
 8 0 0 0 0 0 0
 0 0.02 9.34958 9.40323 20.4568 14.9453 7.4035 1415.2 1415.2 3.52153 5.34304 -2.40466 -6.20295 0 0 0
1
 19 0 0 0 0 0 0
 0 0.02 9.34958 0 20.4568 5.27903 5.27903 2.24359e-05 2.24359e-05 5.5857 -2 -9.79975 19.5497 0 0 0
1
 19 0 0 0 0 0 0
 0 0.02 9.34958 0 20.4568 5.27903 5.27903 2.24359e-05 2.24359e-05 5.5857 -2 -9.79975 19.5497 0 0 0
1
 8 0 0 0 0 0 0
 0 0.02 10.6859 10.7353 18.3177 14.22 6.41038 1260.09 1260.09 3.52468 5.25482 -2.33645 -6.0506 0 0 0
1
 19 0 0 0 0 0 0
 0 0.02 10.6859 0 18.3177 3.44356 3.44356 1.46351e-05 1.46351e-05 5.67848 -2 -10.3796 20.1296 0 0 0
1
 19 0 0 0 0 0 0
 0 0.02 10.6859 0 18.3177 3.44356 3.44356 1.46351e-05 1.46351e-05 5.67848 -2 -10.3796 20.1296 0 0 0
1
 8 0 0 0 0 0 0
 0 0.02 22.6216 22.733 11.0712 10.5402 3.32473 927.963 927.963 3.52109 4.97472 -2.41407 -5.27274 0 0 0
1
 18 0 0 0 0 0 0
 0 0.02 22.6216 0 11.0712 1.29844 1.29844 1.99129e-05 1.99129e-05 6.91467 3.21227 -18.1058 14.8251 0 12 0.1
1
 18 0 0 0 0 0 0
 0 0.02 22.6216 0 11.0712 1.29844 1.29844 1.99129e-05 1.99129e-05 6.91467 3.21227 -18.1058 14.8251 0 12 0.1
1
 8 0 0 0 0 0 0
 0 0.02 28.7964 28.9363 9.67396 9.33284 2.78876 709.474 709.474 3.53013 4.77768 -2.21743 -4.97676 0 0 0
1
 18 0 0 0 0 0 0
 0 0.02 28.7964 0 9.67396 1.24062 1.24062 2.02176e-05 2.02176e-05 6.91522 3.22765 -18.1092 14.7901 0 12 0.1
1
 18 0 0 0 0 0 0
 0 0.02 28.7964 0 9.67396 1.24062 1.24062 2.02176e-05 2.02176e-05 6.91522 3.22765 -18.1092 14.7901 0 12 0.1
1
 14 0 0 0 0 0 0
 0 0.02 58.9122 0 6.8315 1.25652 1.25652 0.00397847 0.00397847 5.36183 1.60206 -8.40064 9.14549 0 0 0
1
 14 0 0 0 0 0 0
 0 0.02 68.7973 0 6.36739 1.18638 1.18638 0.00505515 0.00505515 5.30982 1.60206 -8.07564 8.82049 0 0 0
1
 12 0 0 0 0 0 0
 0 0.02 85.1889 0 5.79805 1.10304 1.10304 0.00615979 0.00615979 5.26691 1.60206 -7.80748 8.55233 0 0 0
1
 12 0 0 0 0 0 0
 0 0.02 88.7686 0 5.69662 1.0883 1.0883 0.0063435 0.0063435 5.26053 1.60206 -7.7676 8.51245 0 0 0
