1
 8 0 0 0 0 0 0
 0 0.02 8.63463 8.69177 21.9519 15.3041 8.11683 1558.07 1558.07 3.51771 5.41132 -2.48646 -6.29183 0 0 0
1
 19 0 0 0 0 0 0
 0 0.02 8.63463 0 21.9519 6.56136 6.56136 2.78858e-05 2.78858e-05 5.53848 -2 -9.50463 19.2546 0 0 0
1
 19 0 0 0 0 0 0
 0 0.02 8.63463 0 21.9519 6.56136 6.56136 2.78858e-05 2.78858e-05 5.53848 -2 -9.50463 19.2546 0 0 0
1
 8 0 0 0 0 0 0
 0 0.02 10.431 10.4813 18.6703 14.3934 6.57175 1244.98 1244.98 3.52649 5.25159 -2.297 -6.08196 0 0 0
1
 19 0 0 0 0 0 0
 0 0.02 10.431 0 18.6703 3.65906 3.65906 1.5551e-05 1.5551e-05 5.6653 -2 -10.2972 20.0472 0 0 0
1
 19 0 0 0 0 0 0
 0 0.02 10.431 0 18.6703 3.65906 3.65906 1.5551e-05 1.5551e-05 5.6653 -2 -10.2972 20.0472 0 0 0
1
 8 0 0 0 0 0 0
 0 0.02 10.7202 10.7687 18.2727 14.2007 6.38987 1262.39 1262.39 3.52443 5.25542 -2.34175 -6.0468 0 0 0
1
 19 0 0 0 0 0 0
 0 0.02 10.7202 0 18.2727 3.41782 3.41782 1.45257e-05 1.45257e-05 5.68011 -2 -10.3898 20.1398 0 0 0
1
 19 0 0 0 0 0 0
 0 0.02 10.7202 0 18.2727 3.41782 3.41782 1.45257e-05 1.45257e-05 5.68011 -2 -10.3898 20.1398 0 0 0
1
 8 0 0 0 0 0 0
 0 0.02 12.8327 12.8815 15.9609 13.1099 5.35654 1321.82 1321.82 3.51467 5.25633 -2.5509 -5.83992 0 0 0
1
 18 0 0 0 0 0 0
 0 0.02 12.8327 0 15.9609 1.75486 1.75486 1.80106e-05 1.80106e-05 6.91104 3.11052 -18.0831 15.0568 0 12 0.1
1
 18 0 0 0 0 0 0
 0 0.02 12.8327 0 15.9609 1.75486 1.75486 1.80106e-05 1.80106e-05 6.91104 3.11052 -18.0831 15.0568 0 12 0.1
1
 8 0 0 0 0 0 0
 0 0.02 17.1553 17.2289 13.1023 11.4694 4.14119 1191.46 1191.46 3.51124 5.15242 -2.62278 -5.50828 0 0 0
1
 18 0 0 0 0 0 0
 0 0.02 17.1553 0 13.1023 1.42668 1.42668 1.92975e-05 1.92975e-05 6.91354 3.18045 -18.0987 14.8976 0 12 0.1
1
 18 0 0 0 0 0 0
 0 0.02 17.1553 0 13.1023 1.42668 1.42668 1.92975e-05 1.92975e-05 6.91354 3.18045 -18.0987 14.8976 0 12 0.1
1
 8 0 0 0 0 0 0
 0 0.02 23.6559 23.7702 10.7904 10.2968 3.21526 887.164 887.164 3.52239 4.94087 -2.386 -5.21618 0 0 0
1
 18 0 0 0 0 0 0
 0 0.02 23.6559 0 10.7904 1.28519 1.28519 1.99812e-05 1.99812e-05 6.9148 3.21573 -18.1066 14.8172 0 12 0.1
1
 18 0 0 0 0 0 0
 0 0.02 23.6559 0 10.7904 1.28519 1.28519 1.99812e-05 1.99812e-05 6.9148 3.21573 -18.1066 14.8172 0 12 0.1
1
 8 0 0 0 0 0 0
 0 0.02 32.9465 33.1037 9.00771 8.75141 2.54127 598.909 598.909 3.5361 4.65442 -2.08577 -4.80029 0 0 0
1
 18 0 0 0 0 0 0
 0 0.02 32.9465 0 9.00771 1.21928 1.21928 2.03349e-05 2.03349e-05 6.91543 3.23351 -18.1105 14.7768 0 12 0.1
1
 18 0 0 0 0 0 0
 0 0.02 32.9465 0 9.00771 1.21928 1.21928 2.03349e-05 2.03349e-05 6.91543 3.23351 -18.1105 14.7768 0 12 0.1
1
 14 0 0 0 0 0 0
 0 0.02 50.4264 0 7.34316 1.33611 1.33611 0.00233538 0.00233538 5.47751 1.60206 -9.12357 9.86842 0 0 0
1
 14 0 0 0 0 0 0
 0 0.02 51.9394 0 7.24172 1.3198 1.3198 0.00274369 0.00274369 5.44252 1.60206 -8.90491 9.64976 0 0 0
1
 14 0 0 0 0 0 0
 0 0.02 55.4189 0 7.0269 1.28679 1.28679 0.00343583 0.00343583 5.39367 1.60206 -8.59963 9.34448 0 0 0
1
 14 0 0 0 0 0 0
 0 0.02 67.383 0 6.42694 1.19526 1.19526 0.00492848 0.00492848 5.31533 1.60206 -8.11007 8.85492 0 0 0
1
 12 0 0 0 0 0 0
 0 0.02 99.3157 0 5.43242 1.05069 1.05069 0.00680153 0.00680153 5.24539 1.60206 -7.67302 8.41787 0 0 0
