1
 19 0 0 0 0 0 0
 0 0.02 4.16138 0 60.1695 14.8369 14.8369 6.30569e-05 6.30569e-05 5.36131 -2 -8.39737 18.1474 0 0 0
1
 19 0 0 0 0 0 0
 0 0.02 4.16138 0 60.1695 14.8369 14.8369 6.30569e-05 6.30569e-05 5.36131 -2 -8.39737 18.1474 0 0 0
1
 19 0 0 0 0 0 0
 0 0.02 4.37165 0 54.0551 12.6991 12.6991 5.39713e-05 5.39713e-05 5.39509 -2 -8.6085 18.3585 0 0 0
1
 19 0 0 0 0 0 0
 0 0.02 4.37165 0 54.0551 12.6991 12.6991 5.39713e-05 5.39713e-05 5.39509 -2 -8.6085 18.3585 0 0 0
1
 19 0 0 0 0 0 0
 0 0.02 5.62826 0 35.2395 12.7141 12.7141 5.40351e-05 5.40351e-05 5.39484 -2 -8.6069 18.3569 0 0 0
1
 19 0 0 0 0 0 0
 0 0.02 5.62826 0 35.2395 12.7141 12.7141 5.40351e-05 5.40351e-05 5.39484 -2 -8.6069 18.3569 0 0 0
1
 19 0 0 0 0 0 0
 0 0.02 5.63637 0 35.1664 12.364 12.364 5.25469e-05 5.25469e-05 5.4009 -2 -8.64479 18.3948 0 0 0
1
 19 0 0 0 0 0 0
 0 0.02 5.63637 0 35.1664 12.364 12.364 5.25469e-05 5.25469e-05 5.4009 -2 -8.64479 18.3948 0 0 0
1
 8 0 0 0 0 0 0
 0 0.02 6.01982 6.09745 32.2414 13.4459 13.3998 7.21715 1992.87 3.54761 5.7447 -1.83124 -7.78051 0 0 0
1
 19 0 0 0 0 0 0
 0 0.02 6.01982 0 32.2414 10.7838 10.7838 4.5831e-05 4.5831e-05 5.4306 -2 -8.83037 18.5804 0 0 0
1
 19 0 0 0 0 0 0
 0 0.02 6.01982 0 32.2414 10.7838 10.7838 4.5831e-05 4.5831e-05 5.4306 -2 -8.83037 18.5804 0 0 0
1
 8 0 0 0 0 0 0
 0 0.02 7.69276 7.75526 24.5026 15.6109 9.368 1805.5 1805.5 3.51144 5.51423 -2.61874 -6.41684 0 0 0
1
 19 0 0 0 0 0 0
 0 0.02 7.69276 0 24.5026 7.97236 7.97236 3.38826e-05 3.38826e-05 5.49619 -2 -9.24029 18.9903 0 0 0
1
 19 0 0 0 0 0 0
 0 0.02 7.69276 0 24.5026 7.97236 7.97236 3.38826e-05 3.38826e-05 5.49619 -2 -9.24029 18.9903 0 0 0
1
 8 0 0 0 0 0 0
 0 0.02 7.80685 7.86861 24.1482 15.5928 9.19165 1771.12 1771.12 3.51225 5.50081 -2.60166 -6.40037 0 0 0
1
 19 0 0 0 0 0 0
 0 0.02 7.80685 0 24.1482 7.77881 7.77881 3.30599e-05 3.30599e-05 5.50152 -2 -9.27364 19.0236 0 0 0
1
 19 0 0 0 0 0 0
 0 0.02 7.80685 0 24.1482 7.77881 7.77881 3.30599e-05 3.30599e-05 5.50152 -2 -9.27364 19.0236 0 0 0
