1
 8 0 0 0 0 0 0
 0 0.02 8.91098 8.96674 21.3378 15.1667 7.82201 1499.7 1499.7 3.51919 5.38408 -2.45477 -6.25543 0 0 0
1
 19 0 0 0 0 0 0
 0 0.02 8.91098 0 21.3378 6.22 6.22 2.6435e-05 2.6435e-05 5.55009 -2 -9.57714 19.3271 0 0 0
1
 19 0 0 0 0 0 0
 0 0.02 8.91098 0 21.3378 6.22 6.22 2.6435e-05 2.6435e-05 5.55009 -2 -9.57714 19.3271 0 0 0
1
 8 0 0 0 0 0 0
 0 0.02 9.10749 9.1621 20.9301 15.0841 7.62767 1460.12 1460.12 3.52033 5.36539 -2.43044 -6.23304 0 0 0
1
 19 0 0 0 0 0 0
 0 0.02 9.10749 0 20.9301 5.8314 5.8314 2.47834e-05 2.47834e-05 5.5641 -2 -9.66469 19.4147 0 0 0
1
 19 0 0 0 0 0 0
 0 0.02 9.10749 0 20.9301 5.8314 5.8314 2.47834e-05 2.47834e-05 5.5641 -2 -9.66469 19.4147 0 0 0
1
 8 0 0 0 0 0 0
 0 0.02 11.2753 11.323 17.5719 13.8955 6.07215 1292.49 1292.49 3.521 5.26214 -2.41605 -5.98931 0 0 0
1
 18 0 0 0 0 0 0
 0 0.02 11.2753 0 17.5719 2.06473 2.06473 1.70604e-05 1.70604e-05 6.90908 3.05559 -18.0708 15.1818 0 12 0.1
1
 18 0 0 0 0 0 0
 0 0.02 11.2753 0 17.5719 2.06473 2.06473 1.70604e-05 1.70604e-05 6.90908 3.05559 -18.0708 15.1818 0 12 0.1
1
 8 0 0 0 0 0 0
 0 0.02 22.5355 22.6442 11.0963 10.5671 3.33458 931.256 931.256 3.52105 4.97763 -2.41498 -5.2791 0 0 0
1
 18 0 0 0 0 0 0
 0 0.02 22.5355 0 11.0963 1.29967 1.29967 1.99066e-05 1.99066e-05 6.91466 3.21195 -18.1057 14.8259 0 12 0.1
1
 18 0 0 0 0 0 0
 0 0.02 22.5355 0 11.0963 1.29967 1.29967 1.99066e-05 1.99066e-05 6.91466 3.21195 -18.1057 14.8259 0 12 0.1
1
 8 0 0 0 0 0 0
 0 0.02 34.2983 34.4601 8.82209 8.58672 2.47331 569.728 569.728 3.53734 4.616 -2.05836 -4.73163 0 0 0
1
 18 0 0 0 0 0 0
 0 0.02 34.2983 0 8.82209 1.21393 1.21393 2.03647e-05 2.03647e-05 6.91549 3.235 -18.1109 14.7734 0 12 0.1
1
 18 0 0 0 0 0 0
 0 0.02 34.2983 0 8.82209 1.21393 1.21393 2.03647e-05 2.03647e-05 6.91549 3.235 -18.1109 14.7734 0 12 0.1
1
 8 0 0 0 0 0 0
 0 0.02 41.3173 41.477 8.03602 7.86719 2.19051 484.589 484.589 3.54065 4.48866 -1.98504 -4.48661 0 0 0
1
 18 0 0 0 0 0 0
 0 0.02 41.3173 0 8.03602 1.1938 1.1938 2.04785e-05 2.04785e-05 6.91569 3.24065 -18.1121 14.7605 0 12 0.1
1
 18 0 0 0 0 0 0
 0 0.02 41.3173 0 8.03602 1.1938 1.1938 2.04785e-05 2.04785e-05 6.91569 3.24065 -18.1121 14.7605 0 12 0.1
1
 8 0 0 0 0 0 0
 0 0.02 45.9538 46.0763 7.66914 7.10945 1.38 962.203 962.203 3.49012 4.88232 -3.03904 -4.41676 0 0 0
1
 18 0 0 0 0 0 0
 0 0.02 45.9538 0 7.66914 1.18565 1.18565 2.05253e-05 2.05253e-05 6.91577 3.24296 -18.1126 14.7552 0 12 0.1
1
 18 0 0 0 0 0 0
 0 0.02 45.9538 0 7.66914 1.18565 1.18565 2.05253e-05 2.05253e-05 6.91577 3.24296 -18.1126 14.7552 0 12 0.1
1
 8 0 0 0 0 0 0
 0 0.02 45.9823 46.1052 7.66707 7.10048 1.38 969.539 969.539 3.48953 4.88656 -3.04991 -4.41648 0 0 0
1
 18 0 0 0 0 0 0
 0 0.02 45.9823 0 7.66707 1.18561 1.18561 2.05256e-05 2.05256e-05 6.91577 3.24297 -18.1126 14.7552 0 12 0.1
1
 18 0 0 0 0 0 0
 0 0.02 45.9823 0 7.66707 1.18561 1.18561 2.05256e-05 2.05256e-05 6.91577 3.24297 -18.1126 14.7552 0 12 0.1
1
 8 0 0 0 0 0 0
 0 0.02 46.3767 46.4972 7.63905 4.05896 1.38 1202.01 1202.01 3.45704 4.94329 -3.56666 -4.04155 0 0 0
1
 18 0 0 0 0 0 0
 0 0.02 46.3767 0 7.63905 1.18502 1.18502 2.0529e-05 2.0529e-05 6.91578 3.24314 -18.1127 14.7548 0 12 0.1
1
 18 0 0 0 0 0 0
 0 0.02 46.3767 0 7.63905 1.18502 1.18502 2.0529e-05 2.0529e-05 6.91578 3.24314 -18.1127 14.7548 0 12 0.1
1
 14 0 0 0 0 0 0
 0 0.02 49.1774 0 7.43054 1.34978 1.34978 0.00193296 0.00193296 5.51858 1.60206 -9.38023 10.1251 0 0 0
1
 14 0 0 0 0 0 0
 0 0.02 59.6 0 6.7952 1.25091 1.25091 0.00407251 0.00407251 5.35676 1.60206 -8.36894 9.11379 0 0 0
1
 14 0 0 0 0 0 0
 0 0.02 65.6637 0 6.50645 1.21812 1.21812 0.00459135 0.00459135 5.33072 1.60206 -8.20622 8.95107 0 0 0
1
 12 0 0 0 0 0 0
 0 0.02 81.284 0 5.9167 1.12003 1.12003 0.00594448 0.00594448 5.27463 1.60206 -7.85575 8.6006 0 0 0
1
 12 0 0 0 0 0 0
 0 0.02 82.5223 0 5.87804 1.11427 1.11427 0.00601794 0.00601794 5.27197 1.60206 -7.83909 8.58394 0 0 0
1
 12 0 0 0 0 0 0
 0 0.02 88.8686 0 5.69393 1.08793 1.08793 0.00634814 0.00634814 5.26037 1.60206 -7.76661 8.51146 0 0 0
1
 12 0 0 0 0 0 0
 0 0.02 91.7384 0 5.61731 1.07679 1.07679 0.00648525 0.00648525 5.25573 1.60206 -7.73762 8.48247 0 0 0
