1
 19 0 0 0 0 0 0
 0 0.02 3.85061 0 67.4696 16.1742 16.1742 6.87404e-05 6.87404e-05 5.34257 -2 -8.28026 18.0303 0 0 0
1
 19 0 0 0 0 0 0
 0 0.02 3.85061 0 67.4696 16.1742 16.1742 6.87404e-05 6.87404e-05 5.34257 -2 -8.28026 18.0303 0 0 0
1
 8 0 0 0 0 0 0
 0 0.02 24.2659 24.3848 10.6347 10.1614 3.15492 863.781 863.781 3.52321 4.92094 -2.3683 -5.18406 0 0 0
1
 18 0 0 0 0 0 0
 0 0.02 24.2659 0 10.6347 1.27822 1.27822 2.00174e-05 2.00174e-05 6.91486 3.21757 -18.107 14.8131 0 12 0.1
1
 18 0 0 0 0 0 0
 0 0.02 24.2659 0 10.6347 1.27822 1.27822 2.00174e-05 2.00174e-05 6.91486 3.21757 -18.107 14.8131 0 12 0.1
1
 8 0 0 0 0 0 0
 0 0.02 41.7406 41.8969 7.99664 7.8299 2.17657 491.383 491.383 3.5394 4.49575 -2.01273 -4.47664 0 0 0
1
 18 0 0 0 0 0 0
 0 0.02 41.7406 0 7.99664 1.19289 1.19289 2.04837e-05 2.04837e-05 6.9157 3.24091 -18.1122 14.7599 0 12 0.1
1
 18 0 0 0 0 0 0
 0 0.02 41.7406 0 7.99664 1.19289 1.19289 2.04837e-05 2.04837e-05 6.9157 3.24091 -18.1122 14.7599 0 12 0.1
1
 8 0 0 0 0 0 0
 0 0.02 45.9328 46.0563 7.67057 7.1157 1.38 957.409 957.409 3.49047 4.87939 -3.03255 -4.41593 0 0 0
1
 18 0 0 0 0 0 0
 0 0.02 45.9328 0 7.67057 1.18568 1.18568 2.05252e-05 2.05252e-05 6.91577 3.24295 -18.1126 14.7553 0 12 0.1
1
 18 0 0 0 0 0 0
 0 0.02 45.9328 0 7.67057 1.18568 1.18568 2.05252e-05 2.05252e-05 6.91577 3.24295 -18.1126 14.7553 0 12 0.1
1
 8 0 0 0 0 0 0
 0 0.02 46.2723 46.393 7.64651 5.24556 1.38 1090.73 1090.73 3.47439 4.92831 -3.31144 -4.25934 0 0 0
1
 18 0 0 0 0 0 0
 0 0.02 46.2723 0 7.64651 1.18517 1.18517 2.05281e-05 2.05281e-05 6.91578 3.2431 -18.1127 14.7549 0 12 0.1
1
 18 0 0 0 0 0 0
 0 0.02 46.2723 0 7.64651 1.18517 1.18517 2.05281e-05 2.05281e-05 6.91578 3.2431 -18.1127 14.7549 0 12 0.1
1
 14 0 0 0 0 0 0
 0 0.02 47.52 0 7.55265 1.36916 1.36916 0.00130231 0.00130231 5.60433 1.60206 -9.91618 10.661 0 0 0
1
 14 0 0 0 0 0 0
 0 0.02 61.1508 0 6.71565 1.23877 1.23877 0.00427025 0.00427025 5.34646 1.60206 -8.3046 9.04945 0 0 0
1
 14 0 0 0 0 0 0
 0 0.02 62.3368 0 6.65723 1.23035 1.23035 0.00440333 0.00440333 5.3398 1.60206 -8.26296 9.00781 0 0 0
1
 14 0 0 0 0 0 0
 0 0.02 65.512 0 6.50901 1.20789 1.20789 0.00474429 0.00474429 5.3236 1.60206 -8.16175 8.9066 0 0 0
1
 12 0 0 0 0 0 0
 0 0.02 76.5535 0 6.07325 1.14268 1.14268 0.00565053 0.00565053 5.28565 1.60206 -7.92456 8.66941 0 0 0
1
 12 0 0 0 0 0 0
 0 0.02 77.5285 0 6.03979 1.13801 1.13801 0.00571184 0.00571184 5.2833 1.60206 -7.90992 8.65477 0 0 0
1
 12 0 0 0 0 0 0
 0 0.02 82.8221 0 5.86894 1.11323 1.11323 0.00603107 0.00603107 5.27149 1.60206 -7.83613 8.58098 0 0 0
1
 12 0 0 0 0 0 0
 0 0.02 89.6163 0 5.67355 1.08482 1.08482 0.00638655 0.00638655 5.25906 1.60206 -7.75843 8.50328 0 0 0
1
 12 0 0 0 0 0 0
 0 0.02 99.5852 0 5.42629 1.04979 1.04979 0.00681236 0.00681236 5.24504 1.60206 -7.67086 8.41571 0 0 0
