1
 8 0 0 0 0 0 0
 0 0.02 7.89755 7.95869 23.8767 15.5725 9.05712 1744.39 1744.39 3.51294 5.49035 -2.58724 -6.38864 0 0 0
1
 19 0 0 0 0 0 0
 0 0.02 7.89755 0 23.8767 7.62925 7.62925 3.24243e-05 3.24243e-05 5.50574 -2 -9.29999 19.05 0 0 0
1
 19 0 0 0 0 0 0
 0 0.02 7.89755 0 23.8767 7.62925 7.62925 3.24243e-05 3.24243e-05 5.50574 -2 -9.29999 19.05 0 0 0
1
 8 0 0 0 0 0 0
 0 0.02 14.6253 14.6816 14.5609 12.3422 4.75222 1290.02 1290.02 3.51156 5.22274 -2.61609 -5.69075 0 0 0
1
 18 0 0 0 0 0 0
 0 0.02 14.6253 0 14.5609 1.56633 1.56633 1.8706e-05 1.8706e-05 6.91241 3.14891 -18.0917 14.9694 0 12 0.1
1
 18 0 0 0 0 0 0
 0 0.02 14.6253 0 14.5609 1.56633 1.56633 1.8706e-05 1.8706e-05 6.91241 3.14891 -18.0917 14.9694 0 12 0.1
1
 8 0 0 0 0 0 0
 0 0.02 18.1403 18.2279 12.6448 11.843 3.95365 1119.35 1119.35 3.51706 5.12146 -2.50036 -5.5533 0 0 0
1
 18 0 0 0 0 0 0
 0 0.02 18.1403 0 12.6448 1.39206 1.39206 1.94561e-05 1.94561e-05 6.91383 3.18875 -18.1005 14.8787 0 12 0.1
1
 18 0 0 0 0 0 0
 0 0.02 18.1403 0 12.6448 1.39206 1.39206 1.94561e-05 1.94561e-05 6.91383 3.18875 -18.1005 14.8787 0 12 0.1
1
 8 0 0 0 0 0 0
 0 0.02 20.4981 20.5969 11.7339 11.1084 3.58649 1016.66 1016.66 3.5188 5.04484 -2.46331 -5.39878 0 0 0
1
 18 0 0 0 0 0 0
 0 0.02 20.4981 0 11.7339 1.33356 1.33356 1.97366e-05 1.97366e-05 6.91435 3.20325 -18.1038 14.8457 0 12 0.1
1
 18 0 0 0 0 0 0
 0 0.02 20.4981 0 11.7339 1.33356 1.33356 1.97366e-05 1.97366e-05 6.91435 3.20325 -18.1038 14.8457 0 12 0.1
1
 8 0 0 0 0 0 0
 0 0.02 35.6528 35.8185 8.64868 8.43083 2.41022 542.433 542.433 3.53858 4.57833 -2.03086 -4.66495 0 0 0
1
 18 0 0 0 0 0 0
 0 0.02 35.6528 0 8.64868 1.20915 1.20915 2.03915e-05 2.03915e-05 6.91553 3.23633 -18.1112 14.7703 0 12 0.1
1
 18 0 0 0 0 0 0
 0 0.02 35.6528 0 8.64868 1.20915 1.20915 2.03915e-05 2.03915e-05 6.91553 3.23633 -18.1112 14.7703 0 12 0.1
1
 8 0 0 0 0 0 0
 0 0.02 37.0201 37.1879 8.48518 8.2812 2.35109 515.911 515.911 3.54018 4.54115 -1.99561 -4.60727 0 0 0
1
 18 0 0 0 0 0 0
 0 0.02 37.0201 0 8.48518 1.20483 1.20483 2.04159e-05 2.04159e-05 6.91558 3.23754 -18.1114 14.7676 0 12 0.1
1
 18 0 0 0 0 0 0
 0 0.02 37.0201 0 8.48518 1.20483 1.20483 2.04159e-05 2.04159e-05 6.91558 3.23754 -18.1114 14.7676 0 12 0.1
1
 8 0 0 0 0 0 0
 0 0.02 38.4952 38.6642 8.32027 8.1311 2.29182 487.733 487.733 3.54257 4.50195 -1.94258 -4.5623 0 0 0
1
 18 0 0 0 0 0 0
 0 0.02 38.4952 0 8.32027 1.20063 1.20063 2.04396e-05 2.04396e-05 6.91562 3.23872 -18.1117 14.7649 0 12 0.1
1
 18 0 0 0 0 0 0
 0 0.02 38.4952 0 8.32027 1.20063 1.20063 2.04396e-05 2.04396e-05 6.91562 3.23872 -18.1117 14.7649 0 12 0.1
1
 14 0 0 0 0 0 0
 0 0.02 51.3843 0 7.27831 1.32571 1.32571 0.00260253 0.00260253 5.45399 1.60206 -8.97658 9.72143 0 0 0
1
 14 0 0 0 0 0 0
 0 0.02 55.9453 0 6.99636 1.28225 1.28225 0.00352175 0.00352175 5.38831 1.60206 -8.56611 9.31096 0 0 0
1
 12 0 0 0 0 0 0
 0 0.02 72.5804 0 6.21766 1.16424 1.16424 0.00536199 0.00536199 5.29703 1.60206 -7.99568 8.74053 0 0 0
1
 12 0 0 0 0 0 0
 0 0.02 72.5806 0 6.21763 1.1642 1.1642 0.00536257 0.00536257 5.297 1.60206 -7.99553 8.74038 0 0 0
