1
 8 0 0 0 0 0 0
 0 0.02 8.65539 8.71222 21.9044 15.2945 8.09396 1553.52 1553.52 3.51783 5.40925 -2.48393 -6.28919 0 0 0
1
 19 0 0 0 0 0 0
 0 0.02 8.65539 0 21.9044 6.535 6.535 2.77737e-05 2.77737e-05 5.53936 -2 -9.51009 19.2601 0 0 0
1
 19 0 0 0 0 0 0
 0 0.02 8.65539 0 21.9044 6.535 6.535 2.77737e-05 2.77737e-05 5.53936 -2 -9.51009 19.2601 0 0 0
1
 8 0 0 0 0 0 0
 0 0.02 8.60765 8.66474 22.015 15.3136 8.14731 1564.45 1564.45 3.51751 5.41406 -2.49077 -6.29437 0 0 0
1
 19 0 0 0 0 0 0
 0 0.02 8.60765 0 22.015 6.5954 6.5954 2.80305e-05 2.80305e-05 5.53736 -2 -9.49761 19.2476 0 0 0
1
 19 0 0 0 0 0 0
 0 0.02 8.60765 0 22.015 6.5954 6.5954 2.80305e-05 2.80305e-05 5.53736 -2 -9.49761 19.2476 0 0 0
1
 8 0 0 0 0 0 0
 0 0.02 17.8062 17.8918 12.7933 11.9446 4.01431 1134.33 1134.33 3.51681 5.13203 -2.50557 -5.57451 0 0 0
1
 18 0 0 0 0 0 0
 0 0.02 17.8062 0 12.7933 1.40288 1.40288 1.9406e-05 1.9406e-05 6.91374 3.18613 -18.1 14.8846 0 12 0.1
1
 18 0 0 0 0 0 0
 0 0.02 17.8062 0 12.7933 1.40288 1.40288 1.9406e-05 1.9406e-05 6.91374 3.18613 -18.1 14.8846 0 12 0.1
1
 8 0 0 0 0 0 0
 0 0.02 27.6308 27.7649 9.8935 9.5261 2.87149 745.843 745.843 3.52829 4.81373 -2.2578 -5.02653 0 0 0
1
 18 0 0 0 0 0 0
 0 0.02 27.6308 0 9.8935 1.24845 1.24845 2.01752e-05 2.01752e-05 6.91515 3.22553 -18.1088 14.7949 0 12 0.1
1
 18 0 0 0 0 0 0
 0 0.02 27.6308 0 9.8935 1.24845 1.24845 2.01752e-05 2.01752e-05 6.91515 3.22553 -18.1088 14.7949 0 12 0.1
1
 8 0 0 0 0 0 0
 0 0.02 38.3177 38.4859 8.3396 8.1477 2.29875 491.092 491.092 3.54225 4.50664 -1.94964 -4.56696 0 0 0
1
 18 0 0 0 0 0 0
 0 0.02 38.3177 0 8.3396 1.20112 1.20112 2.04369e-05 2.04369e-05 6.91561 3.23858 -18.1117 14.7652 0 12 0.1
1
 18 0 0 0 0 0 0
 0 0.02 38.3177 0 8.3396 1.20112 1.20112 2.04369e-05 2.04369e-05 6.91561 3.23858 -18.1117 14.7652 0 12 0.1
1
 8 0 0 0 0 0 0
 0 0.02 41.2081 41.3672 8.04643 7.87672 2.19421 482.841 482.841 3.54097 4.48679 -1.97804 -4.48893 0 0 0
1
 18 0 0 0 0 0 0
 0 0.02 41.2081 0 8.04643 1.19404 1.19404 2.04772e-05 2.04772e-05 6.91569 3.24058 -18.1121 14.7607 0 12 0.1
1
 18 0 0 0 0 0 0
 0 0.02 41.2081 0 8.04643 1.19404 1.19404 2.04772e-05 2.04772e-05 6.91569 3.24058 -18.1121 14.7607 0 12 0.1
1
 8 0 0 0 0 0 0
 0 0.02 43.0842 43.2293 7.87596 7.71026 2.13396 512.993 512.993 3.53549 4.51747 -2.09932 -4.44436 0 0 0
1
 18 0 0 0 0 0 0
 0 0.02 43.0842 0 7.87596 1.19015 1.19015 2.04994e-05 2.04994e-05 6.91573 3.24168 -18.1124 14.7582 0 12 0.1
1
 18 0 0 0 0 0 0
 0 0.02 43.0842 0 7.87596 1.19015 1.19015 2.04994e-05 2.04994e-05 6.91573 3.24168 -18.1124 14.7582 0 12 0.1
1
 14 0 0 0 0 0 0
 0 0.02 51.4613 0 7.27312 1.32464 1.32464 0.00262861 0.00262861 5.45183 1.60206 -8.96305 9.7079 0 0 0
1
 14 0 0 0 0 0 0
 0 0.02 63.7305 0 6.59061 1.22018 1.22018 0.00455999 0.00455999 5.33221 1.60206 -8.21552 8.96037 0 0 0
