1
 19 0 0 0 0 0 0
 0 0.02 4.34399 0 54.8688 12.4116 12.4116 5.27493e-05 5.27493e-05 5.40007 -2 -8.63958 18.3896 0 0 0
1
 19 0 0 0 0 0 0
 0 0.02 4.34399 0 54.8688 12.4116 12.4116 5.27493e-05 5.27493e-05 5.40007 -2 -8.63958 18.3896 0 0 0
1
 19 0 0 0 0 0 0
 0 0.02 5.52375 0 36.1445 11.4218 11.4218 4.85426e-05 4.85426e-05 5.41811 -2 -8.75236 18.5024 0 0 0
1
 19 0 0 0 0 0 0
 0 0.02 5.52375 0 36.1445 11.4218 11.4218 4.85426e-05 4.85426e-05 5.41811 -2 -8.75236 18.5024 0 0 0
1
 8 0 0 0 0 0 0
 0 0.02 6.81798 6.88677 27.8174 13.4311 11.0537 2156.76 2156.76 3.50143 5.62861 -2.8224 -6.49913 0 0 0
1
 19 0 0 0 0 0 0
 0 0.02 6.81798 0 27.8174 8.51551 8.51551 3.61909e-05 3.61909e-05 5.48188 -2 -9.15084 18.9008 0 0 0
1
 19 0 0 0 0 0 0
 0 0.02 6.81798 0 27.8174 8.51551 8.51551 3.61909e-05 3.61909e-05 5.48188 -2 -9.15084 18.9008 0 0 0
1
 8 0 0 0 0 0 0
 0 0.02 12.0282 12.0765 16.7352 13.5004 5.69786 1315.64 1315.64 3.51738 5.26307 -2.49361 -5.91408 0 0 0
1
 18 0 0 0 0 0 0
 0 0.02 12.0282 0 16.7352 1.88927 1.88927 1.75729e-05 1.75729e-05 6.91015 3.08559 -18.0775 15.1135 0 12 0.1
1
 18 0 0 0 0 0 0
 0 0.02 12.0282 0 16.7352 1.88927 1.88927 1.75729e-05 1.75729e-05 6.91015 3.08559 -18.0775 15.1135 0 12 0.1
1
 8 0 0 0 0 0 0
 0 0.02 26.4959 26.6245 10.1241 9.72135 2.95901 783.568 783.568 3.52649 4.8494 -2.29705 -5.07646 0 0 0
1
 18 0 0 0 0 0 0
 0 0.02 26.4959 0 10.1241 1.25714 1.25714 2.01286e-05 2.01286e-05 6.91506 3.22318 -18.1082 14.8003 0 12 0.1
1
 18 0 0 0 0 0 0
 0 0.02 26.4959 0 10.1241 1.25714 1.25714 2.01286e-05 2.01286e-05 6.91506 3.22318 -18.1082 14.8003 0 12 0.1
1
 8 0 0 0 0 0 0
 0 0.02 32.6213 32.7786 9.05421 8.79234 2.55837 606.214 606.214 3.5358 4.66375 -2.0924 -4.81699 0 0 0
1
 18 0 0 0 0 0 0
 0 0.02 32.6213 0 9.05421 1.22066 1.22066 2.03272e-05 2.03272e-05 6.91542 3.23313 -18.1105 14.7776 0 12 0.1
1
 18 0 0 0 0 0 0
 0 0.02 32.6213 0 9.05421 1.22066 1.22066 2.03272e-05 2.03272e-05 6.91542 3.23313 -18.1105 14.7776 0 12 0.1
1
 8 0 0 0 0 0 0
 0 0.02 34.9297 35.0936 8.73976 8.51274 2.44331 556.792 556.792 3.53791 4.59833 -2.04573 -4.70009 0 0 0
1
 18 0 0 0 0 0 0
 0 0.02 34.9297 0 8.73976 1.21164 1.21164 2.03775e-05 2.03775e-05 6.91551 3.23564 -18.111 14.7719 0 12 0.1
1
 18 0 0 0 0 0 0
 0 0.02 34.9297 0 8.73976 1.21164 1.21164 2.03775e-05 2.03775e-05 6.91551 3.23564 -18.111 14.7719 0 12 0.1
1
 8 0 0 0 0 0 0
 0 0.02 39.2041 39.3711 8.24511 8.06149 2.26493 475.04 475.04 3.54368 4.48349 -1.91801 -4.54072 0 0 0
1
 18 0 0 0 0 0 0
 0 0.02 39.2041 0 8.24511 1.19878 1.19878 2.04501e-05 2.04501e-05 6.91564 3.23924 -18.1118 14.7637 0 12 0.1
1
 18 0 0 0 0 0 0
 0 0.02 39.2041 0 8.24511 1.19878 1.19878 2.04501e-05 2.04501e-05 6.91564 3.23924 -18.1118 14.7637 0 12 0.1
1
 14 0 0 0 0 0 0
 0 0.02 48.7225 0 7.46743 1.3629 1.3629 0.0014507 0.0014507 5.5809 1.60206 -9.76973 10.5146 0 0 0
1
 14 0 0 0 0 0 0
 0 0.02 49.0547 0 7.43917 1.35093 1.35093 0.00189564 0.00189564 5.52281 1.60206 -9.40669 10.1515 0 0 0
