1
 19 0 0 0 0 0 0
 0 0.02 4.25593 0 57.2654 13.4631 13.4631 5.7218e-05 5.7218e-05 5.38241 -2 -8.52923 18.2792 0 0 0
1
 19 0 0 0 0 0 0
 0 0.02 4.25593 0 57.2654 13.4631 13.4631 5.7218e-05 5.7218e-05 5.38241 -2 -8.52923 18.2792 0 0 0
1
 8 0 0 0 0 0 0
 0 0.02 6.0619 6.13887 31.9594 13.4234 13.2472 1531.24 2041.13 3.54357 5.7493 -1.92062 -7.70262 0 0 0
1
 19 0 0 0 0 0 0
 0 0.02 6.0619 0 31.9594 10.614 10.614 4.51093e-05 4.51093e-05 5.43404 -2 -8.8519 18.6019 0 0 0
1
 19 0 0 0 0 0 0
 0 0.02 6.0619 0 31.9594 10.614 10.614 4.51093e-05 4.51093e-05 5.43404 -2 -8.8519 18.6019 0 0 0
1
 19 0 0 0 0 0 0
 0 0.02 6.3561 0 30.1514 8.70036 8.70036 3.69765e-05 3.69765e-05 5.47721 -2 -9.1217 18.8717 0 0 0
1
 19 0 0 0 0 0 0
 0 0.02 6.3561 0 30.1514 8.70036 8.70036 3.69765e-05 3.69765e-05 5.47721 -2 -9.1217 18.8717 0 0 0
1
 8 0 0 0 0 0 0
 0 0.02 7.01026 7.07753 26.9819 15.2752 10.6227 2051.63 2051.63 3.5055 5.6015 -2.7407 -6.51305 0 0 0
1
 19 0 0 0 0 0 0
 0 0.02 7.01026 0 26.9819 9.13275 9.13275 3.88142e-05 3.88142e-05 5.46668 -2 -9.05588 18.8059 0 0 0
1
 19 0 0 0 0 0 0
 0 0.02 7.01026 0 26.9819 9.13275 9.13275 3.88142e-05 3.88142e-05 5.46668 -2 -9.05588 18.8059 0 0 0
1
 8 0 0 0 0 0 0
 0 0.02 9.97829 10.0299 19.3604 14.6498 6.89029 1309.74 1309.74 3.52467 5.28834 -2.33668 -6.13418 0 0 0
1
 19 0 0 0 0 0 0
 0 0.02 9.97829 0 19.3604 4.24923 4.24923 1.80592e-05 1.80592e-05 5.63283 -2 -10.0943 19.8443 0 0 0
1
 19 0 0 0 0 0 0
 0 0.02 9.97829 0 19.3604 4.24923 4.24923 1.80592e-05 1.80592e-05 5.63283 -2 -10.0943 19.8443 0 0 0
1
 8 0 0 0 0 0 0
 0 0.02 12.2409 12.289 16.5199 13.3977 5.60245 1318.38 1318.38 3.51665 5.26197 -2.50909 -5.89583 0 0 0
1
 18 0 0 0 0 0 0
 0 0.02 12.2409 0 16.5199 1.8494 1.8494 1.76983e-05 1.76983e-05 6.91041 3.09279 -18.0791 15.0971 0 12 0.1
1
 18 0 0 0 0 0 0
 0 0.02 12.2409 0 16.5199 1.8494 1.8494 1.76983e-05 1.76983e-05 6.91041 3.09279 -18.0791 15.0971 0 12 0.1
1
 8 0 0 0 0 0 0
 0 0.02 26.5784 26.7079 10.1066 9.70623 2.95235 780.684 780.684 3.52663 4.84677 -2.29393 -5.07301 0 0 0
1
 18 0 0 0 0 0 0
 0 0.02 26.5784 0 10.1066 1.25647 1.25647 2.01323e-05 2.01323e-05 6.91507 3.22337 -18.1083 14.7999 0 12 0.1
1
 18 0 0 0 0 0 0
 0 0.02 26.5784 0 10.1066 1.25647 1.25647 2.01323e-05 2.01323e-05 6.91507 3.22337 -18.1083 14.7999 0 12 0.1
1
 8 0 0 0 0 0 0
 0 0.02 32.2835 32.4391 9.10366 8.83922 2.57658 613.916 613.916 3.53551 4.67355 -2.09886 -4.83502 0 0 0
1
 18 0 0 0 0 0 0
 0 0.02 32.2835 0 9.10366 1.22215 1.22215 2.0319e-05 2.0319e-05 6.91541 3.23272 -18.1104 14.7786 0 12 0.1
1
 18 0 0 0 0 0 0
 0 0.02 32.2835 0 9.10366 1.22215 1.22215 2.0319e-05 2.0319e-05 6.91541 3.23272 -18.1104 14.7786 0 12 0.1
1
 8 0 0 0 0 0 0
 0 0.02 40.205 40.3705 8.1431 7.96739 2.22854 466.664 466.664 3.54402 4.46939 -1.91055 -4.51292 0 0 0
1
 18 0 0 0 0 0 0
 0 0.02 40.205 0 8.1431 1.19632 1.19632 2.04642e-05 2.04642e-05 6.91566 3.23994 -18.112 14.7621 0 12 0.1
1
 18 0 0 0 0 0 0
 0 0.02 40.205 0 8.1431 1.19632 1.19632 2.04642e-05 2.04642e-05 6.91566 3.23994 -18.112 14.7621 0 12 0.1
1
 8 0 0 0 0 0 0
 0 0.02 40.4701 40.6334 8.11722 7.94224 2.21934 470.991 470.991 3.54318 4.47405 -1.92912 -4.506 0 0 0
1
 18 0 0 0 0 0 0
 0 0.02 40.4701 0 8.11722 1.1957 1.1957 2.04677e-05 2.04677e-05 6.91567 3.24011 -18.112 14.7617 0 12 0.1
1
 18 0 0 0 0 0 0
 0 0.02 40.4701 0 8.11722 1.1957 1.1957 2.04677e-05 2.04677e-05 6.91567 3.24011 -18.112 14.7617 0 12 0.1
1
 8 0 0 0 0 0 0
 0 0.02 46.1931 46.314 7.65216 6.28259 1.38 1030.49 1030.49 3.48388 4.91692 -3.15146 -4.39083 0 0 0
1
 18 0 0 0 0 0 0
 0 0.02 46.1931 0 7.65216 1.18529 1.18529 2.05274e-05 2.05274e-05 6.91577 3.24306 -18.1127 14.755 0 12 0.1
1
 18 0 0 0 0 0 0
 0 0.02 46.1931 0 7.65216 1.18529 1.18529 2.05274e-05 2.05274e-05 6.91577 3.24306 -18.1127 14.755 0 12 0.1
1
 14 0 0 0 0 0 0
 0 0.02 47.3063 0 7.56857 1.37126 1.37126 0.00130231 0.00130231 5.60433 1.60206 -9.91618 10.661 0 0 0
1
 12 0 0 0 0 0 0
 0 0.02 81.8455 0 5.8991 1.11752 1.11752 0.00597655 0.00597655 5.27347 1.60206 -7.84845 8.5933 0 0 0
